1503916360,s1,0.00,0.00,0.00,0,0,0.00,0.00,0.00,0,0,0.00,0.00,0,0
1503916360,eth0,0.00,0.00,0.00,0,0,0.00,0.00,0.00,0,0,0.00,0.00,0,0
1503916360,eth1,0.00,0.00,0.00,0,0,0.00,0.00,0.00,0,0,0.00,0.00,0,0
1503916360,s2,0.00,0.00,0.00,0,0,0.00,0.00,0.00,0,0,0.00,0.00,0,0
1503916360,s1-eth2,0.00,0.00,0.00,0,0,0.00,0.00,0.00,0,0,0.00,0.00,0,0
1503916360,s1-eth1,0.00,0.00,0.00,0,0,0.00,0.00,0.00,0,0,0.00,0.00,0,0
1503916360,s3,0.00,0.00,0.00,0,0,0.00,0.00,0.00,0,0,0.00,0.00,0,0
1503916360,s2-eth2,0.00,0.00,0.00,0,0,0.00,0.00,0.00,0,0,0.00,0.00,0,0
1503916360,s2-eth1,0.00,0.00,0.00,0,0,0.00,0.00,0.00,0,0,0.00,0.00,0,0
1503916360,lo,0.00,0.00,0.00,0,0,0.00,0.00,0.00,0,0,0.00,0.00,0,0
1503916360,s3-eth2,0.00,0.00,0.00,0,0,0.00,0.00,0.00,0,0,0.00,0.00,0,0
1503916360,s3-eth1,0.00,0.00,0.00,0,0,0.00,0.00,0.00,0,0,0.00,0.00,0,0
1503916360,total,0.00,0.00,0.00,0,0,0.00,0.00,0.00,0,0,0.00,0.00,0,0
1503916361,s1,0.00,3662.00,3662.00,3662,0,0.00,22.00,22.00,22,0,0.00,0.00,0,0
1503916361,eth0,456.00,735.00,1191.00,735,456,6.00,6.00,12.00,6,6,0.00,0.00,0,0
1503916361,eth1,0.00,0.00,0.00,0,0,0.00,0.00,0.00,0,0,0.00,0.00,0,0
1503916361,s2,250.00,3502.00,3752.00,3502,250,3.00,20.00,23.00,20,3,0.00,0.00,0,0
1503916361,s1-eth2,149574.00,6091456.00,6241030.00,6091456,149574,2012.00,4043.00,6055.00,4043,2012,0.00,0.00,0,0
1503916361,s1-eth1,6094046.00,148592.00,6242638.00,148592,6094046,4049.00,2008.00,6057.00,2008,4049,0.00,0.00,0,0
1503916361,s3,90.00,3412.00,3502.00,3412,90,1.00,19.00,20.00,19,1,0.00,0.00,0,0
1503916361,s2-eth2,151532.00,6090240.00,6241772.00,6090240,151532,2021.00,4036.00,6057.00,4036,2021,0.00,0.00,0,0
1503916361,s2-eth1,6091456.00,149574.00,6241030.00,149574,6091456,4043.00,2012.00,6055.00,2012,4043,0.00,0.00,0,0
1503916361,lo,19877.00,19877.00,39754.00,19877,19877,192.00,192.00,384.00,192,192,0.00,0.00,0,0
1503916361,s3-eth2,153405.00,6091072.00,6244477.00,6091072,153405,2032.00,4026.00,6058.00,4026,2032,0.00,0.00,0,0
1503916361,s3-eth1,6090240.00,151532.00,6241772.00,151532,6090240,4036.00,2021.00,6057.00,2021,4036,0.00,0.00,0,0
1503916361,total,18750926.00,18753654.00,37504580.00,18753654,18750926,18395.00,18405.00,36800.00,18405,18395,0.00,0.00,0,0
1503916362,s1,0.00,1305.00,1305.00,1305,0,0.00,5.00,5.00,5,0,0.00,0.00,0,0
1503916362,eth0,152.00,245.00,397.00,245,152,2.00,2.00,4.00,2,2,0.00,0.00,0,0
1503916362,eth1,0.00,0.00,0.00,0,0,0.00,0.00,0.00,0,0,0.00,0.00,0,0
1503916362,s2,0.00,1305.00,1305.00,1305,0,0.00,5.00,5.00,5,0,0.00,0.00,0,0
1503916362,s1-eth2,151407.00,6163285.00,6314692.00,6163285,151407,2039.00,4075.00,6114.00,4075,2039,0.00,0.00,0,0
1503916362,s1-eth1,6165468.00,150738.00,6316206.00,150738,6165468,4078.00,2037.00,6115.00,2037,4078,0.00,0.00,0,0
1503916362,s3,0.00,1632.00,1632.00,1632,0,0.00,6.00,6.00,6,0,0.00,0.00,0,0
1503916362,s2-eth2,152518.00,6164130.00,6316648.00,6164130,152518,2045.00,4074.00,6119.00,4074,2045,0.00,0.00,0,0
1503916362,s2-eth1,6163285.00,151407.00,6314692.00,151407,6163285,4075.00,2039.00,6114.00,2039,4075,0.00,0.00,0,0
1503916362,lo,5494.00,5494.00,10988.00,5494,5494,52.00,52.00,104.00,52,52,0.00,0.00,0,0
1503916362,s3-eth2,152738.00,6163494.00,6316232.00,6163494,152738,2046.00,4071.00,6117.00,4071,2046,0.00,0.00,0,0
1503916362,s3-eth1,6164130.00,152518.00,6316648.00,152518,6164130,4074.00,2045.00,6119.00,2045,4074,0.00,0.00,0,0
1503916362,total,18955192.00,18955552.00,37910744.00,18955553,18955192,18411.00,18411.00,36822.00,18411,18411,0.00,0.00,0,0
1503916363,s1,0.00,701.00,701.00,701,0,0.00,3.00,3.00,3,0,0.00,0.00,0,0
1503916363,eth0,0.00,0.00,0.00,0,0,0.00,0.00,0.00,0,0,0.00,0.00,0,0
1503916363,eth1,0.00,0.00,0.00,0,0,0.00,0.00,0.00,0,0,0.00,0.00,0,0
1503916363,s2,0.00,701.00,701.00,701,0,0.00,3.00,3.00,3,0,0.00,0.00,0,0
1503916363,s1-eth2,151482.00,6191447.00,6342929.00,6191447,151482,2044.00,4092.00,6136.00,4092,2044,0.00,0.00,0,0
1503916363,s1-eth1,6190307.00,151182.00,6341489.00,151182,6190307,4093.00,2043.00,6136.00,2043,4093,0.00,0.00,0,0
1503916363,s3,0.00,374.00,374.00,374,0,0.00,2.00,2.00,2,0,0.00,0.00,0,0
1503916363,s2-eth2,151482.00,6194101.00,6345583.00,6194101,151482,2044.00,4092.00,6136.00,4092,2044,0.00,0.00,0,0
1503916363,s2-eth1,6191447.00,151482.00,6342929.00,151482,6191447,4092.00,2044.00,6136.00,2044,4092,0.00,0.00,0,0
1503916363,lo,2545.00,2545.00,5090.00,2545,2545,24.00,24.00,48.00,24,24,0.00,0.00,0,0
1503916363,s3-eth2,152136.00,6195288.00,6347424.00,6195288,152136,2046.00,4092.00,6138.00,4092,2046,0.00,0.00,0,0
1503916363,s3-eth1,6194101.00,151482.00,6345583.00,151482,6194101,4092.00,2044.00,6136.00,2044,4092,0.00,0.00,0,0
1503916363,total,19033500.00,19039304.00,38072804.00,19039303,19033500,18435.00,18439.00,36874.00,18439,18435,0.00,0.00,0,0
1503916364,s1,70.00,911.00,981.00,911,70,1.00,6.00,7.00,6,1,0.00,0.00,0,0
1503916364,eth0,60.00,60.00,120.00,60,60,1.00,1.00,2.00,1,1,0.00,0.00,0,0
1503916364,eth1,0.00,0.00,0.00,0,0,0.00,0.00,0.00,0,0,0.00,0.00,0,0
1503916364,s2,0.00,981.00,981.00,981,0,0.00,7.00,7.00,7,0,0.00,0.00,0,0
1503916364,s1-eth2,151571.00,6180989.00,6332560.00,6180989,151571,2045.00,4087.00,6132.00,4087,2045,0.00,0.00,0,0
1503916364,s1-eth1,6179942.00,151104.00,6331046.00,151104,6179942,4089.00,2042.00,6131.00,2042,4089,0.00,0.00,0,0
1503916364,s3,70.00,981.00,1051.00,981,70,1.00,7.00,8.00,7,1,0.00,0.00,0,0
1503916364,s2-eth2,151941.00,6180592.00,6332533.00,6180592,151941,2047.00,4085.00,6132.00,4085,2047,0.00,0.00,0,0
1503916364,s2-eth1,6180989.00,151571.00,6332560.00,151571,6180989,4087.00,2045.00,6132.00,2045,4087,0.00,0.00,0,0
1503916364,lo,6355.00,6355.00,12710.00,6355,6355,66.00,66.00,132.00,66,66,0.00,0.00,0,0
1503916364,s3-eth2,152385.00,6178634.00,6331019.00,6178634,152385,2050.00,4081.00,6131.00,4081,2050,0.00,0.00,0,0
1503916364,s3-eth1,6180592.00,151941.00,6332533.00,151941,6180592,4085.00,2047.00,6132.00,2047,4085,0.00,0.00,0,0
1503916364,total,19003976.00,19004120.00,38008096.00,19004119,19003975,18472.00,18474.00,36946.00,18474,18472,0.00,0.00,0,0
1503916365,s1,0.00,879.00,879.00,879,0,0.00,5.00,5.00,5,0,0.00,0.00,0,0
1503916365,eth0,0.00,0.00,0.00,0,0,0.00,0.00,0.00,0,0,0.00,0.00,0,0
1503916365,eth1,0.00,0.00,0.00,0,0,0.00,0.00,0.00,0,0,0.00,0.00,0,0
1503916365,s2,70.00,809.00,879.00,809,70,1.00,4.00,5.00,4,1,0.00,0.00,0,0
1503916365,s1-eth2,151404.00,6194653.00,6346057.00,6194653,151404,2046.00,4096.00,6142.00,4096,2046,0.00,0.00,0,0
1503916365,s1-eth1,6194653.00,151330.00,6345983.00,151330,6194653,4096.00,2045.00,6141.00,2045,4096,0.00,0.00,0,0
1503916365,s3,0.00,467.00,467.00,467,0,0.00,3.00,3.00,3,0,0.00,0.00,0,0
1503916365,s2-eth2,151875.00,6191555.00,6343430.00,6191555,151875,2049.00,4093.00,6142.00,4093,2049,0.00,0.00,0,0
1503916365,s2-eth1,6194653.00,151404.00,6346057.00,151404,6194653,4096.00,2046.00,6142.00,2046,4096,0.00,0.00,0,0
1503916365,lo,3774.00,3774.00,7548.00,3774,3774,39.00,39.00,78.00,39,39,0.00,0.00,0,0
1503916365,s3-eth2,152276.00,6190816.00,6343092.00,6190816,152276,2051.00,4090.00,6141.00,4090,2051,0.00,0.00,0,0
1503916365,s3-eth1,6191555.00,151875.00,6343430.00,151875,6191555,4093.00,2049.00,6142.00,2049,4093,0.00,0.00,0,0
1503916365,total,19040260.00,19037562.00,38077824.00,19037562,19040260,18471.00,18470.00,36941.00,18470,18471,0.00,0.00,0,0
1503916366,s1,0.00,342.00,342.00,342,0,0.00,1.00,1.00,1,0,0.00,0.00,0,0
1503916366,eth0,0.00,0.00,0.00,0,0,0.00,0.00,0.00,0,0,0.00,0.00,0,0
1503916366,eth1,0.00,0.00,0.00,0,0,0.00,0.00,0.00,0,0,0.00,0.00,0,0
1503916366,s2,0.00,0.00,0.00,0,0,0.00,0.00,0.00,0,0,0.00,0.00,0,0
1503916366,s1-eth2,151848.00,6216826.00,6368674.00,6216826,151848,2052.00,4107.00,6159.00,4107,2052,0.00,0.00,0,0
1503916366,s1-eth1,6215654.00,151922.00,6367576.00,151922,6215654,4107.00,2053.00,6160.00,2053,4107,0.00,0.00,0,0
1503916366,s3,0.00,0.00,0.00,0,0,0.00,0.00,0.00,0,0,0.00,0.00,0,0
1503916366,s2-eth2,151774.00,6216484.00,6368258.00,6216484,151774,2051.00,4106.00,6157.00,4106,2051,0.00,0.00,0,0
1503916366,s2-eth1,6216826.00,151848.00,6368674.00,151848,6216826,4107.00,2052.00,6159.00,2052,4107,0.00,0.00,0,0
1503916366,lo,326.00,326.00,652.00,326,326,3.00,3.00,6.00,3,3,0.00,0.00,0,0
1503916366,s3-eth2,151774.00,6216484.00,6368258.00,6216484,151774,2051.00,4106.00,6157.00,4106,2051,0.00,0.00,0,0
1503916366,s3-eth1,6216484.00,151774.00,6368258.00,151774,6216484,4106.00,2051.00,6157.00,2051,4106,0.00,0.00,0,0
1503916366,total,19104686.00,19106006.00,38210692.00,19106006,19104686,18477.00,18479.00,36956.00,18479,18477,0.00,0.00,0,0
1503916367,s1,0.00,107.00,107.00,107,0,0.00,1.00,1.00,1,0,0.00,0.00,0,0
1503916367,eth0,0.00,0.00,0.00,0,0,0.00,0.00,0.00,0,0,0.00,0.00,0,0
1503916367,eth1,0.00,0.00,0.00,0,0,0.00,0.00,0.00,0,0,0.00,0.00,0,0
1503916367,s2,0.00,107.00,107.00,107,0,0.00,1.00,1.00,1,0,0.00,0.00,0,0
1503916367,s1-eth2,151289.00,6184797.00,6336086.00,6184797,151289,2044.00,4086.00,6130.00,4086,2044,0.00,0.00,0,0
1503916367,s1-eth1,6186418.00,151108.00,6337526.00,151108,6186418,4088.00,2042.00,6130.00,2042,4088,0.00,0.00,0,0
1503916367,s3,0.00,107.00,107.00,107,0,0.00,1.00,1.00,1,0,0.00,0.00,0,0
1503916367,s2-eth2,151289.00,6186204.00,6337493.00,6186204,151289,2044.00,4086.00,6130.00,4086,2044,0.00,0.00,0,0
1503916367,s2-eth1,6184797.00,151289.00,6336086.00,151289,6184797,4086.00,2044.00,6130.00,2044,4086,0.00,0.00,0,0
1503916367,lo,915.00,915.00,1830.00,915,915,9.00,9.00,18.00,9,9,0.00,0.00,0,0
1503916367,s3-eth2,151215.00,6184690.00,6335905.00,6184690,151215,2043.00,4085.00,6128.00,4085,2043,0.00,0.00,0,0
1503916367,s3-eth1,6186204.00,151289.00,6337493.00,151289,6186204,4086.00,2044.00,6130.00,2044,4086,0.00,0.00,0,0
1503916367,total,19012128.00,19010612.00,38022740.00,19010613,19012127,18400.00,18399.00,36799.00,18399,18400,0.00,0.00,0,0
1503916368,s1,70.00,317.00,387.00,317,70,1.00,4.00,5.00,4,1,0.00,0.00,0,0
1503916368,eth0,0.00,0.00,0.00,0,0,0.00,0.00,0.00,0,0,0.00,0.00,0,0
1503916368,eth1,0.00,0.00,0.00,0,0,0.00,0.00,0.00,0,0,0.00,0.00,0,0
1503916368,s2,0.00,387.00,387.00,387,0,0.00,5.00,5.00,5,0,0.00,0.00,0,0
1503916368,s1-eth2,151614.00,6192507.00,6344121.00,6192507,151614,2049.00,4093.00,6142.00,4093,2049,0.00,0.00,0,0
1503916368,s1-eth1,6191133.00,151400.00,6342533.00,151400,6191133,4094.00,2046.00,6140.00,2046,4094,0.00,0.00,0,0
1503916368,s3,70.00,387.00,457.00,387,70,1.00,5.00,6.00,5,1,0.00,0.00,0,0
1503916368,s2-eth2,151865.00,6189409.00,6341274.00,6189409,151865,2052.00,4090.00,6142.00,4090,2052,0.00,0.00,0,0
1503916368,s2-eth1,6192507.00,151614.00,6344121.00,151614,6192507,4093.00,2049.00,6142.00,2049,4093,0.00,0.00,0,0
1503916368,lo,4399.00,4399.00,8798.00,4399,4399,48.00,48.00,96.00,48,48,0.00,0.00,0,0
1503916368,s3-eth2,152042.00,6189232.00,6341274.00,6189232,152042,2054.00,4088.00,6142.00,4088,2054,0.00,0.00,0,0
1503916368,s3-eth1,6189409.00,151865.00,6341274.00,151865,6189409,4090.00,2052.00,6142.00,2052,4090,0.00,0.00,0,0
1503916368,total,19033108.00,19031516.00,38064624.00,19031517,19033109,18482.00,18480.00,36962.00,18480,18482,0.00,0.00,0,0
1503916369,s1,0.00,210.00,210.00,210,0,0.00,3.00,3.00,3,0,0.00,0.00,0,0
1503916369,eth0,0.00,0.00,0.00,0,0,0.00,0.00,0.00,0,0,0.00,0.00,0,0
1503916369,eth1,0.00,0.00,0.00,0,0,0.00,0.00,0.00,0,0,0.00,0.00,0,0
1503916369,s2,70.00,482.00,552.00,482,70,1.00,3.00,4.00,3,1,0.00,0.00,0,0
1503916369,s1-eth2,152338.00,6219722.00,6372060.00,6219722,152338,2055.00,4111.00,6166.00,4111,2055,0.00,0.00,0,0
1503916369,s1-eth1,6222750.00,152070.00,6374820.00,152070,6222750,4113.00,2055.00,6168.00,2055,4113,0.00,0.00,0,0
1503916369,s3,0.00,482.00,482.00,482,0,0.00,3.00,3.00,3,0,0.00,0.00,0,0
1503916369,s2-eth2,152334.00,6219652.00,6371986.00,6219652,152334,2055.00,4110.00,6165.00,4110,2055,0.00,0.00,0,0
1503916369,s2-eth1,6219722.00,152338.00,6372060.00,152338,6219722,4111.00,2055.00,6166.00,2055,4111,0.00,0.00,0,0
1503916369,lo,2796.00,2796.00,5592.00,2796,2796,30.00,30.00,60.00,30,30,0.00,0.00,0,0
1503916369,s3-eth2,152334.00,6218068.00,6370402.00,6218068,152334,2055.00,4108.00,6163.00,4108,2055,0.00,0.00,0,0
1503916369,s3-eth1,6219652.00,152334.00,6371986.00,152334,6219652,4110.00,2055.00,6165.00,2055,4110,0.00,0.00,0,0
1503916369,total,19121996.00,19118154.00,38240152.00,19118154,19121996,18530.00,18533.00,37063.00,18533,18530,0.00,0.00,0,0
1503916370,s1,0.00,0.00,0.00,0,0,0.00,0.00,0.00,0,0,0.00,0.00,0,0
1503916370,eth0,0.00,0.00,0.00,0,0,0.00,0.00,0.00,0,0,0.00,0.00,0,0
1503916370,eth1,0.00,0.00,0.00,0,0,0.00,0.00,0.00,0,0,0.00,0.00,0,0
1503916370,s2,0.00,0.00,0.00,0,0,0.00,0.00,0.00,0,0,0.00,0.00,0,0
1503916370,s1-eth2,152662.00,6248278.00,6400940.00,6248278,152662,2063.00,4127.00,6190.00,4127,2063,0.00,0.00,0,0
1503916370,s1-eth1,6248278.00,152736.00,6401014.00,152736,6248278,4127.00,2064.00,6191.00,2064,4127,0.00,0.00,0,0
1503916370,s3,0.00,342.00,342.00,342,0,0.00,1.00,1.00,1,0,0.00,0.00,0,0
1503916370,s2-eth2,153078.00,6248278.00,6401356.00,6248278,153078,2065.00,4127.00,6192.00,4127,2065,0.00,0.00,0,0
1503916370,s2-eth1,6248278.00,152662.00,6400940.00,152662,6248278,4127.00,2063.00,6190.00,2063,4127,0.00,0.00,0,0
1503916370,lo,326.00,326.00,652.00,326,326,3.00,3.00,6.00,3,3,0.00,0.00,0,0
1503916370,s3-eth2,153078.00,6249792.00,6402870.00,6249792,153078,2065.00,4128.00,6193.00,4128,2065,0.00,0.00,0,0
1503916370,s3-eth1,6248278.00,153078.00,6401356.00,153078,6248278,4127.00,2065.00,6192.00,2065,4127,0.00,0.00,0,0
1503916370,total,19203978.00,19205492.00,38409472.00,19205492,19203978,18577.00,18578.00,37155.00,18578,18577,0.00,0.00,0,0
1503916371,s1,0.00,342.00,342.00,342,0,0.00,1.00,1.00,1,0,0.00,0.00,0,0
1503916371,eth0,0.00,0.00,0.00,0,0,0.00,0.00,0.00,0,0,0.00,0.00,0,0
1503916371,eth1,0.00,0.00,0.00,0,0,0.00,0.00,0.00,0,0,0.00,0.00,0,0
1503916371,s2,0.00,0.00,0.00,0,0,0.00,0.00,0.00,0,0,0.00,0.00,0,0
1503916371,s1-eth2,152514.00,6241050.00,6393564.00,6241050,152514,2061.00,4123.00,6184.00,4123,2061,0.00,0.00,0,0
1503916371,s1-eth1,6241050.00,152440.00,6393490.00,152440,6241050,4123.00,2060.00,6183.00,2060,4123,0.00,0.00,0,0
1503916371,s3,0.00,0.00,0.00,0,0,0.00,0.00,0.00,0,0,0.00,0.00,0,0
1503916371,s2-eth2,152440.00,6240708.00,6393148.00,6240708,152440,2060.00,4122.00,6182.00,4122,2060,0.00,0.00,0,0
1503916371,s2-eth1,6241050.00,152514.00,6393564.00,152514,6241050,4123.00,2061.00,6184.00,2061,4123,0.00,0.00,0,0
1503916371,lo,326.00,326.00,652.00,326,326,3.00,3.00,6.00,3,3,0.00,0.00,0,0
1503916371,s3-eth2,152440.00,6240708.00,6393148.00,6240708,152440,2060.00,4122.00,6182.00,4122,2060,0.00,0.00,0,0
1503916371,s3-eth1,6240708.00,152440.00,6393148.00,152440,6240708,4122.00,2060.00,6182.00,2060,4122,0.00,0.00,0,0
1503916371,total,19180528.00,19180528.00,38361056.00,19180528,19180528,18552.00,18552.00,37104.00,18552,18552,0.00,0.00,0,0
1503916372,s1,0.00,342.00,342.00,342,0,0.00,1.00,1.00,1,0,0.00,0.00,0,0
1503916372,eth0,0.00,0.00,0.00,0,0,0.00,0.00,0.00,0,0,0.00,0.00,0,0
1503916372,eth1,0.00,0.00,0.00,0,0,0.00,0.00,0.00,0,0,0.00,0.00,0,0
1503916372,s2,0.00,342.00,342.00,342,0,0.00,1.00,1.00,1,0,0.00,0.00,0,0
1503916372,s1-eth2,152736.00,6248620.00,6401356.00,6248620,152736,2064.00,4128.00,6192.00,4128,2064,0.00,0.00,0,0
1503916372,s1-eth1,6248620.00,152736.00,6401356.00,152736,6248620,4128.00,2064.00,6192.00,2064,4128,0.00,0.00,0,0
1503916372,s3,0.00,0.00,0.00,0,0,0.00,0.00,0.00,0,0,0.00,0.00,0,0
1503916372,s2-eth2,152736.00,6248620.00,6401356.00,6248620,152736,2064.00,4128.00,6192.00,4128,2064,0.00,0.00,0,0
1503916372,s2-eth1,6248620.00,152736.00,6401356.00,152736,6248620,4128.00,2064.00,6192.00,2064,4128,0.00,0.00,0,0
1503916372,lo,652.00,652.00,1304.00,652,652,6.00,6.00,12.00,6,6,0.00,0.00,0,0
1503916372,s3-eth2,152736.00,6248278.00,6401014.00,6248278,152736,2064.00,4127.00,6191.00,4127,2064,0.00,0.00,0,0
1503916372,s3-eth1,6248620.00,152736.00,6401356.00,152736,6248620,4128.00,2064.00,6192.00,2064,4128,0.00,0.00,0,0
1503916372,total,19204720.00,19205062.00,38409784.00,19205062,19204720,18582.00,18583.00,37165.00,18583,18582,0.00,0.00,0,0
1503916373,s1,0.00,0.00,0.00,0,0,0.00,0.00,0.00,0,0,0.00,0.00,0,0
1503916373,eth0,0.00,0.00,0.00,0,0,0.00,0.00,0.00,0,0,0.00,0.00,0,0
1503916373,eth1,0.00,0.00,0.00,0,0,0.00,0.00,0.00,0,0,0.00,0.00,0,0
1503916373,s2,0.00,0.00,0.00,0,0,0.00,0.00,0.00,0,0,0.00,0.00,0,0
1503916373,s1-eth2,151922.00,6217998.00,6369920.00,6217998,151922,2053.00,4107.00,6160.00,4107,2053,0.00,0.00,0,0
1503916373,s1-eth1,6217998.00,151996.00,6369994.00,151996,6217998,4107.00,2054.00,6161.00,2054,4107,0.00,0.00,0,0
1503916373,s3,0.00,0.00,0.00,0,0,0.00,0.00,0.00,0,0,0.00,0.00,0,0
1503916373,s2-eth2,151922.00,6219512.00,6371434.00,6219512,151922,2053.00,4108.00,6161.00,4108,2053,0.00,0.00,0,0
1503916373,s2-eth1,6217998.00,151922.00,6369920.00,151922,6217998,4107.00,2053.00,6160.00,2053,4107,0.00,0.00,0,0
1503916373,lo,0.00,0.00,0.00,0,0,0.00,0.00,0.00,0,0,0.00,0.00,0,0
1503916373,s3-eth2,151996.00,6217998.00,6369994.00,6217998,151996,2054.00,4107.00,6161.00,4107,2054,0.00,0.00,0,0
1503916373,s3-eth1,6219512.00,151922.00,6371434.00,151922,6219512,4108.00,2053.00,6161.00,2053,4108,0.00,0.00,0,0
1503916373,total,19111348.00,19111348.00,38222696.00,19111348,19111348,18482.00,18482.00,36964.00,18482,18482,0.00,0.00,0,0
1503916374,s1,0.00,0.00,0.00,0,0,0.00,0.00,0.00,0,0,0.00,0.00,0,0
1503916374,eth0,0.00,0.00,0.00,0,0,0.00,0.00,0.00,0,0,0.00,0.00,0,0
1503916374,eth1,0.00,0.00,0.00,0,0,0.00,0.00,0.00,0,0,0.00,0.00,0,0
1503916374,s2,0.00,0.00,0.00,0,0,0.00,0.00,0.00,0,0,0.00,0.00,0,0
1503916374,s1-eth2,152588.00,6243736.00,6396324.00,6243736,152588,2062.00,4124.00,6186.00,4124,2062,0.00,0.00,0,0
1503916374,s1-eth1,6243736.00,152514.00,6396250.00,152514,6243736,4124.00,2061.00,6185.00,2061,4124,0.00,0.00,0,0
1503916374,s3,0.00,0.00,0.00,0,0,0.00,0.00,0.00,0,0,0.00,0.00,0,0
1503916374,s2-eth2,152588.00,6243736.00,6396324.00,6243736,152588,2062.00,4124.00,6186.00,4124,2062,0.00,0.00,0,0
1503916374,s2-eth1,6243736.00,152588.00,6396324.00,152588,6243736,4124.00,2062.00,6186.00,2062,4124,0.00,0.00,0,0
1503916374,lo,172.00,172.00,344.00,172,172,3.00,3.00,6.00,3,3,0.00,0.00,0,0
1503916374,s3-eth2,152514.00,6245250.00,6397764.00,6245250,152514,2061.00,4125.00,6186.00,4125,2061,0.00,0.00,0,0
1503916374,s3-eth1,6243736.00,152588.00,6396324.00,152588,6243736,4124.00,2062.00,6186.00,2062,4124,0.00,0.00,0,0
1503916374,total,19189070.00,19190584.00,38379656.00,19190584,19189070,18560.00,18561.00,37121.00,18561,18560,0.00,0.00,0,0
1503916375,s1,0.00,107.00,107.00,107,0,0.00,1.00,1.00,1,0,0.00,0.00,0,0
1503916375,eth0,0.00,0.00,0.00,0,0,0.00,0.00,0.00,0,0,0.00,0.00,0,0
1503916375,eth1,0.00,0.00,0.00,0,0,0.00,0.00,0.00,0,0,0.00,0.00,0,0
1503916375,s2,0.00,107.00,107.00,107,0,0.00,1.00,1.00,1,0,0.00,0.00,0,0
1503916375,s1-eth2,151659.00,6202965.00,6354624.00,6202965,151659,2049.00,4098.00,6147.00,4098,2049,0.00,0.00,0,0
1503916375,s1-eth1,6203414.00,151626.00,6355040.00,151626,6203414,4100.00,2049.00,6149.00,2049,4100,0.00,0.00,0,0
1503916375,s3,0.00,107.00,107.00,107,0,0.00,1.00,1.00,1,0,0.00,0.00,0,0
1503916375,s2-eth2,151659.00,6204372.00,6356031.00,6204372,151659,2049.00,4098.00,6147.00,4098,2049,0.00,0.00,0,0
1503916375,s2-eth1,6202965.00,151659.00,6354624.00,151659,6202965,4098.00,2049.00,6147.00,2049,4098,0.00,0.00,0,0
1503916375,lo,915.00,915.00,1830.00,915,915,9.00,9.00,18.00,9,9,0.00,0.00,0,0
1503916375,s3-eth2,151733.00,6202858.00,6354591.00,6202858,151733,2050.00,4097.00,6147.00,4097,2050,0.00,0.00,0,0
1503916375,s3-eth1,6204372.00,151659.00,6356031.00,151659,6204372,4098.00,2049.00,6147.00,2049,4098,0.00,0.00,0,0
1503916375,total,19066716.00,19066376.00,38133092.00,19066375,19066717,18453.00,18452.00,36905.00,18452,18453,0.00,0.00,0,0
1503916376,s1,0.00,449.00,449.00,449,0,0.00,2.00,2.00,2,0,0.00,0.00,0,0
1503916376,eth0,0.00,0.00,0.00,0,0,0.00,0.00,0.00,0,0,0.00,0.00,0,0
1503916376,eth1,0.00,0.00,0.00,0,0,0.00,0.00,0.00,0,0,0.00,0.00,0,0
1503916376,s2,0.00,449.00,449.00,449,0,0.00,2.00,2.00,2,0,0.00,0.00,0,0
1503916376,s1-eth2,151820.00,6201793.00,6353613.00,6201793,151820,2048.00,4098.00,6146.00,4098,2048,0.00,0.00,0,0
1503916376,s1-eth1,6197251.00,151478.00,6348729.00,151478,6197251,4095.00,2047.00,6142.00,2047,4095,0.00,0.00,0,0
1503916376,s3,0.00,449.00,449.00,449,0,0.00,2.00,2.00,2,0,0.00,0.00,0,0
1503916376,s2-eth2,151927.00,6196909.00,6348836.00,6196909,151927,2049.00,4094.00,6143.00,4094,2049,0.00,0.00,0,0
1503916376,s2-eth1,6201793.00,151820.00,6353613.00,151820,6201793,4098.00,2048.00,6146.00,2048,4098,0.00,0.00,0,0
1503916376,lo,1893.00,1893.00,3786.00,1893,1893,18.00,18.00,36.00,18,18,0.00,0.00,0,0
1503916376,s3-eth2,152034.00,6198316.00,6350350.00,6198316,152034,2050.00,4094.00,6144.00,4094,2050,0.00,0.00,0,0
1503916376,s3-eth1,6196909.00,151927.00,6348836.00,151927,6196909,4094.00,2049.00,6143.00,2049,4094,0.00,0.00,0,0
1503916376,total,19053628.00,19055484.00,38109112.00,19055483,19053627,18452.00,18454.00,36906.00,18454,18452,0.00,0.00,0,0
1503916377,s1,0.00,0.00,0.00,0,0,0.00,0.00,0.00,0,0,0.00,0.00,0,0
1503916377,eth0,0.00,0.00,0.00,0,0,0.00,0.00,0.00,0,0,0.00,0.00,0,0
1503916377,eth1,0.00,0.00,0.00,0,0,0.00,0.00,0.00,0,0,0.00,0.00,0,0
1503916377,s2,0.00,0.00,0.00,0,0,0.00,0.00,0.00,0,0,0.00,0.00,0,0
1503916377,s1-eth2,152144.00,6225568.00,6377712.00,6225568,152144,2056.00,4112.00,6168.00,4112,2056,0.00,0.00,0,0
1503916377,s1-eth1,6227082.00,152144.00,6379226.00,152144,6227082,4113.00,2056.00,6169.00,2056,4113,0.00,0.00,0,0
1503916377,s3,0.00,0.00,0.00,0,0,0.00,0.00,0.00,0,0,0.00,0.00,0,0
1503916377,s2-eth2,152218.00,6227082.00,6379300.00,6227082,152218,2057.00,4113.00,6170.00,4113,2057,0.00,0.00,0,0
1503916377,s2-eth1,6225568.00,152144.00,6377712.00,152144,6225568,4112.00,2056.00,6168.00,2056,4112,0.00,0.00,0,0
1503916377,lo,0.00,0.00,0.00,0,0,0.00,0.00,0.00,0,0,0.00,0.00,0,0
1503916377,s3-eth2,152144.00,6227082.00,6379226.00,6227082,152144,2056.00,4113.00,6169.00,4113,2056,0.00,0.00,0,0
1503916377,s3-eth1,6227082.00,152218.00,6379300.00,152218,6227082,4113.00,2057.00,6170.00,2057,4113,0.00,0.00,0,0
1503916377,total,19136238.00,19136238.00,38272476.00,19136238,19136238,18507.00,18507.00,37014.00,18507,18507,0.00,0.00,0,0
1503916378,s1,0.00,0.00,0.00,0,0,0.00,0.00,0.00,0,0,0.00,0.00,0,0
1503916378,eth0,0.00,0.00,0.00,0,0,0.00,0.00,0.00,0,0,0.00,0.00,0,0
1503916378,eth1,0.00,0.00,0.00,0,0,0.00,0.00,0.00,0,0,0.00,0.00,0,0
1503916378,s2,0.00,0.00,0.00,0,0,0.00,0.00,0.00,0,0,0.00,0.00,0,0
1503916378,s1-eth2,152218.00,6227082.00,6379300.00,6227082,152218,2057.00,4113.00,6170.00,4113,2057,0.00,0.00,0,0
1503916378,s1-eth1,6227082.00,152144.00,6379226.00,152144,6227082,4113.00,2056.00,6169.00,2056,4113,0.00,0.00,0,0
1503916378,s3,0.00,0.00,0.00,0,0,0.00,0.00,0.00,0,0,0.00,0.00,0,0
1503916378,s2-eth2,152366.00,6227082.00,6379448.00,6227082,152366,2059.00,4113.00,6172.00,4113,2059,0.00,0.00,0,0
1503916378,s2-eth1,6227082.00,152218.00,6379300.00,152218,6227082,4113.00,2057.00,6170.00,2057,4113,0.00,0.00,0,0
1503916378,lo,0.00,0.00,0.00,0,0,0.00,0.00,0.00,0,0,0.00,0.00,0,0
1503916378,s3-eth2,152440.00,6227082.00,6379522.00,6227082,152440,2060.00,4113.00,6173.00,4113,2060,0.00,0.00,0,0
1503916378,s3-eth1,6227082.00,152366.00,6379448.00,152366,6227082,4113.00,2059.00,6172.00,2059,4113,0.00,0.00,0,0
1503916378,total,19138270.00,19137974.00,38276244.00,19137974,19138270,18515.00,18511.00,37026.00,18511,18515,0.00,0.00,0,0
1503916379,s1,0.00,342.00,342.00,342,0,0.00,1.00,1.00,1,0,0.00,0.00,0,0
1503916379,eth0,0.00,0.00,0.00,0,0,0.00,0.00,0.00,0,0,0.00,0.00,0,0
1503916379,eth1,0.00,0.00,0.00,0,0,0.00,0.00,0.00,0,0,0.00,0.00,0,0
1503916379,s2,0.00,342.00,342.00,342,0,0.00,1.00,1.00,1,0,0.00,0.00,0,0
1503916379,s1-eth2,151996.00,6218340.00,6370336.00,6218340,151996,2054.00,4108.00,6162.00,4108,2054,0.00,0.00,0,0
1503916379,s1-eth1,6221368.00,152070.00,6373438.00,152070,6221368,4110.00,2055.00,6165.00,2055,4110,0.00,0.00,0,0
1503916379,s3,0.00,0.00,0.00,0,0,0.00,0.00,0.00,0,0,0.00,0.00,0,0
1503916379,s2-eth2,151848.00,6218340.00,6370188.00,6218340,151848,2052.00,4108.00,6160.00,4108,2052,0.00,0.00,0,0
1503916379,s2-eth1,6218340.00,151996.00,6370336.00,151996,6218340,4108.00,2054.00,6162.00,2054,4108,0.00,0.00,0,0
1503916379,lo,652.00,652.00,1304.00,652,652,6.00,6.00,12.00,6,6,0.00,0.00,0,0
1503916379,s3-eth2,151774.00,6217998.00,6369772.00,6217998,151774,2051.00,4107.00,6158.00,4107,2051,0.00,0.00,0,0
1503916379,s3-eth1,6218340.00,151848.00,6370188.00,151848,6218340,4108.00,2052.00,6160.00,2052,4108,0.00,0.00,0,0
1503916379,total,19114318.00,19111928.00,38226248.00,19111928,19114318,18489.00,18492.00,36981.00,18492,18489,0.00,0.00,0,0
1503916380,s1,0.00,0.00,0.00,0,0,0.00,0.00,0.00,0,0,0.00,0.00,0,0
1503916380,eth0,0.00,0.00,0.00,0,0,0.00,0.00,0.00,0,0,0.00,0.00,0,0
1503916380,eth1,0.00,0.00,0.00,0,0,0.00,0.00,0.00,0,0,0.00,0.00,0,0
1503916380,s2,0.00,0.00,0.00,0,0,0.00,0.00,0.00,0,0,0.00,0.00,0,0
1503916380,s1-eth2,152070.00,6211942.00,6364012.00,6211942,152070,2055.00,4103.00,6158.00,4103,2055,0.00,0.00,0,0
1503916380,s1-eth1,6211942.00,151848.00,6363790.00,151848,6211942,4103.00,2052.00,6155.00,2052,4103,0.00,0.00,0,0
1503916380,s3,0.00,0.00,0.00,0,0,0.00,0.00,0.00,0,0,0.00,0.00,0,0
1503916380,s2-eth2,152070.00,6213456.00,6365526.00,6213456,152070,2055.00,4104.00,6159.00,4104,2055,0.00,0.00,0,0
1503916380,s2-eth1,6213456.00,152144.00,6365600.00,152144,6213456,4104.00,2056.00,6160.00,2056,4104,0.00,0.00,0,0
1503916380,lo,172.00,172.00,344.00,172,172,3.00,3.00,6.00,3,3,0.00,0.00,0,0
1503916380,s3-eth2,152070.00,6213456.00,6365526.00,6213456,152070,2055.00,4104.00,6159.00,4104,2055,0.00,0.00,0,0
1503916380,s3-eth1,6213456.00,152070.00,6365526.00,152070,6213456,4104.00,2055.00,6159.00,2055,4104,0.00,0.00,0,0
1503916380,total,19095236.00,19095088.00,38190324.00,19095088,19095236,18479.00,18477.00,36956.00,18477,18479,0.00,0.00,0,0
1503916381,s1,0.00,0.00,0.00,0,0,0.00,0.00,0.00,0,0,0.00,0.00,0,0
1503916381,eth0,0.00,0.00,0.00,0,0,0.00,0.00,0.00,0,0,0.00,0.00,0,0
1503916381,eth1,0.00,0.00,0.00,0,0,0.00,0.00,0.00,0,0,0.00,0.00,0,0
1503916381,s2,0.00,0.00,0.00,0,0,0.00,0.00,0.00,0,0,0.00,0.00,0,0
1503916381,s1-eth2,152070.00,6231624.00,6383694.00,6231624,152070,2055.00,4116.00,6171.00,4116,2055,0.00,0.00,0,0
1503916381,s1-eth1,6231624.00,152218.00,6383842.00,152218,6231624,4116.00,2057.00,6173.00,2057,4116,0.00,0.00,0,0
1503916381,s3,0.00,0.00,0.00,0,0,0.00,0.00,0.00,0,0,0.00,0.00,0,0
1503916381,s2-eth2,151996.00,6231624.00,6383620.00,6231624,151996,2054.00,4116.00,6170.00,4116,2054,0.00,0.00,0,0
1503916381,s2-eth1,6230110.00,151996.00,6382106.00,151996,6230110,4115.00,2054.00,6169.00,2054,4115,0.00,0.00,0,0
1503916381,lo,0.00,0.00,0.00,0,0,0.00,0.00,0.00,0,0,0.00,0.00,0,0
1503916381,s3-eth2,151996.00,6230110.00,6382106.00,6230110,151996,2054.00,4115.00,6169.00,4115,2054,0.00,0.00,0,0
1503916381,s3-eth1,6231624.00,151996.00,6383620.00,151996,6231624,4116.00,2054.00,6170.00,2054,4116,0.00,0.00,0,0
1503916381,total,19149420.00,19149568.00,38298988.00,19149568,19149420,18510.00,18512.00,37022.00,18512,18510,0.00,0.00,0,0
1503916382,s1,0.00,0.00,0.00,0,0,0.00,0.00,0.00,0,0,0.00,0.00,0,0
1503916382,eth0,0.00,0.00,0.00,0,0,0.00,0.00,0.00,0,0,0.00,0.00,0,0
1503916382,eth1,0.00,0.00,0.00,0,0,0.00,0.00,0.00,0,0,0.00,0.00,0,0
1503916382,s2,0.00,0.00,0.00,0,0,0.00,0.00,0.00,0,0,0.00,0.00,0,0
1503916382,s1-eth2,152144.00,6225568.00,6377712.00,6225568,152144,2056.00,4112.00,6168.00,4112,2056,0.00,0.00,0,0
1503916382,s1-eth1,6225568.00,152218.00,6377786.00,152218,6225568,4112.00,2057.00,6169.00,2057,4112,0.00,0.00,0,0
1503916382,s3,0.00,0.00,0.00,0,0,0.00,0.00,0.00,0,0,0.00,0.00,0,0
1503916382,s2-eth2,152144.00,6225568.00,6377712.00,6225568,152144,2056.00,4112.00,6168.00,4112,2056,0.00,0.00,0,0
1503916382,s2-eth1,6225568.00,152144.00,6377712.00,152144,6225568,4112.00,2056.00,6168.00,2056,4112,0.00,0.00,0,0
1503916382,lo,0.00,0.00,0.00,0,0,0.00,0.00,0.00,0,0,0.00,0.00,0,0
1503916382,s3-eth2,152218.00,6225568.00,6377786.00,6225568,152218,2057.00,4112.00,6169.00,4112,2057,0.00,0.00,0,0
1503916382,s3-eth1,6225568.00,152144.00,6377712.00,152144,6225568,4112.00,2056.00,6168.00,2056,4112,0.00,0.00,0,0
1503916382,total,19133210.00,19133210.00,38266420.00,19133210,19133210,18505.00,18505.00,37010.00,18505,18505,0.00,0.00,0,0
1503916383,s1,0.00,342.00,342.00,342,0,0.00,1.00,1.00,1,0,0.00,0.00,0,0
1503916383,eth0,0.00,0.00,0.00,0,0,0.00,0.00,0.00,0,0,0.00,0.00,0,0
1503916383,eth1,0.00,0.00,0.00,0,0,0.00,0.00,0.00,0,0,0.00,0.00,0,0
1503916383,s2,0.00,0.00,0.00,0,0,0.00,0.00,0.00,0,0,0.00,0.00,0,0
1503916383,s1-eth2,152292.00,6230452.00,6382744.00,6230452,152292,2058.00,4116.00,6174.00,4116,2058,0.00,0.00,0,0
1503916383,s1-eth1,6230452.00,152218.00,6382670.00,152218,6230452,4116.00,2057.00,6173.00,2057,4116,0.00,0.00,0,0
1503916383,s3,0.00,0.00,0.00,0,0,0.00,0.00,0.00,0,0,0.00,0.00,0,0
1503916383,s2-eth2,152366.00,6231624.00,6383990.00,6231624,152366,2059.00,4116.00,6175.00,4116,2059,0.00,0.00,0,0
1503916383,s2-eth1,6230452.00,152292.00,6382744.00,152292,6230452,4116.00,2058.00,6174.00,2058,4116,0.00,0.00,0,0
1503916383,lo,498.00,498.00,996.00,498,498,6.00,6.00,12.00,6,6,0.00,0.00,0,0
1503916383,s3-eth2,152366.00,6231624.00,6383990.00,6231624,152366,2059.00,4116.00,6175.00,4116,2059,0.00,0.00,0,0
1503916383,s3-eth1,6231624.00,152366.00,6383990.00,152366,6231624,4116.00,2059.00,6175.00,2059,4116,0.00,0.00,0,0
1503916383,total,19150050.00,19151416.00,38301464.00,19151416,19150050,18530.00,18529.00,37059.00,18529,18530,0.00,0.00,0,0
1503916384,s1,0.00,0.00,0.00,0,0,0.00,0.00,0.00,0,0,0.00,0.00,0,0
1503916384,eth0,0.00,0.00,0.00,0,0,0.00,0.00,0.00,0,0,0.00,0.00,0,0
1503916384,eth1,0.00,0.00,0.00,0,0,0.00,0.00,0.00,0,0,0.00,0.00,0,0
1503916384,s2,0.00,0.00,0.00,0,0,0.00,0.00,0.00,0,0,0.00,0.00,0,0
1503916384,s1-eth2,152440.00,6234652.00,6387092.00,6234652,152440,2060.00,4118.00,6178.00,4118,2060,0.00,0.00,0,0
1503916384,s1-eth1,6234652.00,152440.00,6387092.00,152440,6234652,4118.00,2060.00,6178.00,2060,4118,0.00,0.00,0,0
1503916384,s3,0.00,0.00,0.00,0,0,0.00,0.00,0.00,0,0,0.00,0.00,0,0
1503916384,s2-eth2,152366.00,6233138.00,6385504.00,6233138,152366,2059.00,4117.00,6176.00,4117,2059,0.00,0.00,0,0
1503916384,s2-eth1,6234652.00,152440.00,6387092.00,152440,6234652,4118.00,2060.00,6178.00,2060,4118,0.00,0.00,0,0
1503916384,lo,0.00,0.00,0.00,0,0,0.00,0.00,0.00,0,0,0.00,0.00,0,0
1503916384,s3-eth2,152292.00,6233138.00,6385430.00,6233138,152292,2058.00,4117.00,6175.00,4117,2058,0.00,0.00,0,0
1503916384,s3-eth1,6233138.00,152366.00,6385504.00,152366,6233138,4117.00,2059.00,6176.00,2059,4117,0.00,0.00,0,0
1503916384,total,19159540.00,19158174.00,38317712.00,19158174,19159540,18530.00,18531.00,37061.00,18531,18530,0.00,0.00,0,0
1503916385,s1,0.00,0.00,0.00,0,0,0.00,0.00,0.00,0,0,0.00,0.00,0,0
1503916385,eth0,0.00,0.00,0.00,0,0,0.00,0.00,0.00,0,0,0.00,0.00,0,0
1503916385,eth1,0.00,0.00,0.00,0,0,0.00,0.00,0.00,0,0,0.00,0.00,0,0
1503916385,s2,0.00,0.00,0.00,0,0,0.00,0.00,0.00,0,0,0.00,0.00,0,0
1503916385,s1-eth2,152440.00,6242222.00,6394662.00,6242222,152440,2060.00,4123.00,6183.00,4123,2060,0.00,0.00,0,0
1503916385,s1-eth1,6242222.00,152440.00,6394662.00,152440,6242222,4123.00,2060.00,6183.00,2060,4123,0.00,0.00,0,0
1503916385,s3,0.00,0.00,0.00,0,0,0.00,0.00,0.00,0,0,0.00,0.00,0,0
1503916385,s2-eth2,152440.00,6243736.00,6396176.00,6243736,152440,2060.00,4124.00,6184.00,4124,2060,0.00,0.00,0,0
1503916385,s2-eth1,6242222.00,152440.00,6394662.00,152440,6242222,4123.00,2060.00,6183.00,2060,4123,0.00,0.00,0,0
1503916385,lo,172.00,172.00,344.00,172,172,3.00,3.00,6.00,3,3,0.00,0.00,0,0
1503916385,s3-eth2,152440.00,6243736.00,6396176.00,6243736,152440,2060.00,4124.00,6184.00,4124,2060,0.00,0.00,0,0
1503916385,s3-eth1,6243736.00,152440.00,6396176.00,152440,6243736,4124.00,2060.00,6184.00,2060,4124,0.00,0.00,0,0
1503916385,total,19185672.00,19187186.00,38372856.00,19187186,19185672,18553.00,18554.00,37107.00,18554,18553,0.00,0.00,0,0
1503916386,s1,0.00,0.00,0.00,0,0,0.00,0.00,0.00,0,0,0.00,0.00,0,0
1503916386,eth0,0.00,0.00,0.00,0,0,0.00,0.00,0.00,0,0,0.00,0.00,0,0
1503916386,eth1,0.00,0.00,0.00,0,0,0.00,0.00,0.00,0,0,0.00,0.00,0,0
1503916386,s2,0.00,342.00,342.00,342,0,0.00,1.00,1.00,1,0,0.00,0.00,0,0
1503916386,s1-eth2,152708.00,6236166.00,6388874.00,6236166,152708,2060.00,4119.00,6179.00,4119,2060,0.00,0.00,0,0
1503916386,s1-eth1,6234652.00,152440.00,6387092.00,152440,6234652,4118.00,2060.00,6178.00,2060,4118,0.00,0.00,0,0
1503916386,s3,0.00,342.00,342.00,342,0,0.00,1.00,1.00,1,0,0.00,0.00,0,0
1503916386,s2-eth2,152708.00,6234652.00,6387360.00,6234652,152708,2060.00,4118.00,6178.00,4118,2060,0.00,0.00,0,0
1503916386,s2-eth1,6236166.00,152708.00,6388874.00,152708,6236166,4119.00,2060.00,6179.00,2060,4119,0.00,0.00,0,0
1503916386,lo,652.00,652.00,1304.00,652,652,6.00,6.00,12.00,6,6,0.00,0.00,0,0
1503916386,s3-eth2,152782.00,6234652.00,6387434.00,6234652,152782,2061.00,4118.00,6179.00,4118,2061,0.00,0.00,0,0
1503916386,s3-eth1,6234652.00,152708.00,6387360.00,152708,6234652,4118.00,2060.00,6178.00,2060,4118,0.00,0.00,0,0
1503916386,total,19164320.00,19164662.00,38328984.00,19164662,19164320,18542.00,18543.00,37085.00,18543,18542,0.00,0.00,0,0
1503916387,s1,0.00,0.00,0.00,0,0,0.00,0.00,0.00,0,0,0.00,0.00,0,0
1503916387,eth0,0.00,0.00,0.00,0,0,0.00,0.00,0.00,0,0,0.00,0.00,0,0
1503916387,eth1,0.00,0.00,0.00,0,0,0.00,0.00,0.00,0,0,0.00,0.00,0,0
1503916387,s2,0.00,0.00,0.00,0,0,0.00,0.00,0.00,0,0,0.00,0.00,0,0
1503916387,s1-eth2,152144.00,6224054.00,6376198.00,6224054,152144,2056.00,4111.00,6167.00,4111,2056,0.00,0.00,0,0
1503916387,s1-eth1,6225568.00,152070.00,6377638.00,152070,6225568,4112.00,2055.00,6167.00,2055,4112,0.00,0.00,0,0
1503916387,s3,0.00,0.00,0.00,0,0,0.00,0.00,0.00,0,0,0.00,0.00,0,0
1503916387,s2-eth2,152144.00,6225568.00,6377712.00,6225568,152144,2056.00,4112.00,6168.00,4112,2056,0.00,0.00,0,0
1503916387,s2-eth1,6224054.00,152144.00,6376198.00,152144,6224054,4111.00,2056.00,6167.00,2056,4111,0.00,0.00,0,0
1503916387,lo,172.00,172.00,344.00,172,172,3.00,3.00,6.00,3,3,0.00,0.00,0,0
1503916387,s3-eth2,152070.00,6225568.00,6377638.00,6225568,152070,2055.00,4112.00,6167.00,4112,2055,0.00,0.00,0,0
1503916387,s3-eth1,6225568.00,152144.00,6377712.00,152144,6225568,4112.00,2056.00,6168.00,2056,4112,0.00,0.00,0,0
1503916387,total,19131720.00,19131720.00,38263440.00,19131720,19131720,18505.00,18505.00,37010.00,18505,18505,0.00,0.00,0,0
1503916388,s1,0.00,0.00,0.00,0,0,0.00,0.00,0.00,0,0,0.00,0.00,0,0
1503916388,eth0,0.00,0.00,0.00,0,0,0.00,0.00,0.00,0,0,0.00,0.00,0,0
1503916388,eth1,0.00,0.00,0.00,0,0,0.00,0.00,0.00,0,0,0.00,0.00,0,0
1503916388,s2,0.00,0.00,0.00,0,0,0.00,0.00,0.00,0,0,0.00,0.00,0,0
1503916388,s1-eth2,121212.00,4894762.00,5015974.00,4894762,121212,1638.00,3233.00,4871.00,3233,1638,0.00,0.00,0,0
1503916388,s1-eth1,4914786.00,120768.00,5035554.00,120768,4914786,3247.00,1632.00,4879.00,1632,3247,0.00,0.00,0,0
1503916388,s3,0.00,0.00,0.00,0,0,0.00,0.00,0.00,0,0,0.00,0.00,0,0
1503916388,s2-eth2,121212.00,4882650.00,5003862.00,4882650,121212,1638.00,3225.00,4863.00,3225,1638,0.00,0.00,0,0
1503916388,s2-eth1,4894762.00,121212.00,5015974.00,121212,4894762,3233.00,1638.00,4871.00,1638,3233,0.00,0.00,0,0
1503916388,lo,0.00,0.00,0.00,0,0,0.00,0.00,0.00,0,0,0.00,0.00,0,0
1503916388,s3-eth2,121286.00,4878108.00,4999394.00,4878108,121286,1639.00,3222.00,4861.00,3222,1639,0.00,0.00,0,0
1503916388,s3-eth1,4882650.00,121212.00,5003862.00,121212,4882650,3225.00,1638.00,4863.00,1638,3225,0.00,0.00,0,0
1503916388,total,15055908.00,15018712.00,30074620.00,15018712,15055908,14620.00,14588.00,29208.00,14588,14620,0.00,0.00,0,0
1503916389,s1,0.00,0.00,0.00,0,0,0.00,0.00,0.00,0,0,0.00,0.00,0,0
1503916389,eth0,0.00,0.00,0.00,0,0,0.00,0.00,0.00,0,0,0.00,0.00,0,0
1503916389,eth1,0.00,0.00,0.00,0,0,0.00,0.00,0.00,0,0,0.00,0.00,0,0
1503916389,s2,0.00,0.00,0.00,0,0,0.00,0.00,0.00,0,0,0.00,0.00,0,0
1503916389,s1-eth2,127650.00,5244496.00,5372146.00,5244496,127650,1725.00,3464.00,5189.00,3464,1725,0.00,0.00,0,0
1503916389,s1-eth1,5227842.00,127502.00,5355344.00,127502,5227842,3453.00,1723.00,5176.00,1723,3453,0.00,0.00,0,0
1503916389,s3,0.00,0.00,0.00,0,0,0.00,0.00,0.00,0,0,0.00,0.00,0,0
1503916389,s2-eth2,128242.00,5252066.00,5380308.00,5252066,128242,1733.00,3469.00,5202.00,3469,1733,0.00,0.00,0,0
1503916389,s2-eth1,5244496.00,127650.00,5372146.00,127650,5244496,3464.00,1725.00,5189.00,1725,3464,0.00,0.00,0,0
1503916389,lo,0.00,0.00,0.00,0,0,0.00,0.00,0.00,0,0,0.00,0.00,0,0
1503916389,s3-eth2,128464.00,5262664.00,5391128.00,5262664,128464,1736.00,3476.00,5212.00,3476,1736,0.00,0.00,0,0
1503916389,s3-eth1,5252066.00,128242.00,5380308.00,128242,5252066,3469.00,1733.00,5202.00,1733,3469,0.00,0.00,0,0
1503916389,total,16108760.00,16142620.00,32251380.00,16142620,16108760,15580.00,15590.00,31170.00,15590,15580,0.00,0.00,0,0
1503916390,s1,0.00,342.00,342.00,342,0,0.00,1.00,1.00,1,0,0.00,0.00,0,0
1503916390,eth0,0.00,0.00,0.00,0,0,0.00,0.00,0.00,0,0,0.00,0.00,0,0
1503916390,eth1,0.00,0.00,0.00,0,0,0.00,0.00,0.00,0,0,0.00,0.00,0,0
1503916390,s2,0.00,342.00,342.00,342,0,0.00,1.00,1.00,1,0,0.00,0.00,0,0
1503916390,s1-eth2,125652.00,5176708.00,5302360.00,5176708,125652,1698.00,3420.00,5118.00,3420,1698,0.00,0.00,0,0
1503916390,s1-eth1,5173680.00,126170.00,5299850.00,126170,5173680,3418.00,1705.00,5123.00,1705,3418,0.00,0.00,0,0
1503916390,s3,0.00,0.00,0.00,0,0,0.00,0.00,0.00,0,0,0.00,0.00,0,0
1503916390,s2-eth2,125060.00,5184278.00,5309338.00,5184278,125060,1690.00,3425.00,5115.00,3425,1690,0.00,0.00,0,0
1503916390,s2-eth1,5178222.00,125652.00,5303874.00,125652,5178222,3421.00,1698.00,5119.00,1698,3421,0.00,0.00,0,0
1503916390,lo,652.00,652.00,1304.00,652,652,6.00,6.00,12.00,6,6,0.00,0.00,0,0
1503916390,s3-eth2,124838.00,5186964.00,5311802.00,5186964,124838,1687.00,3426.00,5113.00,3426,1687,0.00,0.00,0,0
1503916390,s3-eth1,5184278.00,125060.00,5309338.00,125060,5184278,3425.00,1690.00,5115.00,1690,3425,0.00,0.00,0,0
1503916390,total,15912382.00,15926168.00,31838550.00,15926168,15912382,15345.00,15372.00,30717.00,15372,15345,0.00,0.00,0,0
1503916391,s1,0.00,449.00,449.00,449,0,0.00,2.00,2.00,2,0,0.00,0.00,0,0
1503916391,eth0,0.00,0.00,0.00,0,0,0.00,0.00,0.00,0,0,0.00,0.00,0,0
1503916391,eth1,0.00,0.00,0.00,0,0,0.00,0.00,0.00,0,0,0.00,0.00,0,0
1503916391,s2,0.00,107.00,107.00,107,0,0.00,1.00,1.00,1,0,0.00,0.00,0,0
1503916391,s1-eth2,141447.00,5785443.00,5926890.00,5785443,141447,1911.00,3823.00,5734.00,3823,1911,0.00,0.00,0,0
1503916391,s1-eth1,5785550.00,141414.00,5926964.00,141414,5785550,3824.00,1911.00,5735.00,1911,3824,0.00,0.00,0,0
1503916391,s3,0.00,449.00,449.00,449,0,0.00,2.00,2.00,2,0,0.00,0.00,0,0
1503916391,s2-eth2,141937.00,5784994.00,5926931.00,5784994,141937,1914.00,3821.00,5735.00,3821,1914,0.00,0.00,0,0
1503916391,s2-eth1,5783929.00,141447.00,5925376.00,141447,5783929,3822.00,1911.00,5733.00,1911,3822,0.00,0.00,0,0
1503916391,lo,1567.00,1567.00,3134.00,1567,1567,15.00,15.00,30.00,15,15,0.00,0.00,0,0
1503916391,s3-eth2,141937.00,5791050.00,5932987.00,5791050,141937,1914.00,3825.00,5739.00,3825,1914,0.00,0.00,0,0
1503916391,s3-eth1,5784994.00,141937.00,5926931.00,141937,5784994,3821.00,1914.00,5735.00,1914,3821,0.00,0.00,0,0
1503916391,total,17781360.00,17788856.00,35570216.00,17788857,17781361,17221.00,17225.00,34446.00,17225,17221,0.00,0.00,0,0
1503916392,s1,0.00,107.00,107.00,107,0,0.00,1.00,1.00,1,0,0.00,0.00,0,0
1503916392,eth0,0.00,0.00,0.00,0,0,0.00,0.00,0.00,0,0,0.00,0.00,0,0
1503916392,eth1,0.00,0.00,0.00,0,0,0.00,0.00,0.00,0,0,0.00,0.00,0,0
1503916392,s2,0.00,107.00,107.00,107,0,0.00,1.00,1.00,1,0,0.00,0.00,0,0
1503916392,s1-eth2,142228.00,5824465.00,5966693.00,5824465,142228,1922.00,3848.00,5770.00,3848,1922,0.00,0.00,0,0
1503916392,s1-eth1,5824465.00,142154.00,5966619.00,142154,5824465,3848.00,1921.00,5769.00,1921,3848,0.00,0.00,0,0
1503916392,s3,0.00,107.00,107.00,107,0,0.00,1.00,1.00,1,0,0.00,0.00,0,0
1503916392,s2-eth2,142335.00,5827493.00,5969828.00,5827493,142335,1923.00,3850.00,5773.00,3850,1923,0.00,0.00,0,0
1503916392,s2-eth1,5824465.00,142228.00,5966693.00,142228,5824465,3848.00,1922.00,5770.00,1922,3848,0.00,0.00,0,0
1503916392,lo,915.00,915.00,1830.00,915,915,9.00,9.00,18.00,9,9,0.00,0.00,0,0
1503916392,s3-eth2,142442.00,5827386.00,5969828.00,5827386,142442,1924.00,3849.00,5773.00,3849,1924,0.00,0.00,0,0
1503916392,s3-eth1,5827493.00,142335.00,5969828.00,142335,5827493,3850.00,1923.00,5773.00,1923,3850,0.00,0.00,0,0
1503916392,total,17904344.00,17907296.00,35811640.00,17907297,17904343,17324.00,17325.00,34649.00,17325,17324,0.00,0.00,0,0
1503916393,s1,0.00,0.00,0.00,0,0,0.00,0.00,0.00,0,0,0.00,0.00,0,0
1503916393,eth0,0.00,0.00,0.00,0,0,0.00,0.00,0.00,0,0,0.00,0.00,0,0
1503916393,eth1,0.00,0.00,0.00,0,0,0.00,0.00,0.00,0,0,0.00,0.00,0,0
1503916393,s2,0.00,0.00,0.00,0,0,0.00,0.00,0.00,0,0,0.00,0.00,0,0
1503916393,s1-eth2,127946.00,5236926.00,5364872.00,5236926,127946,1729.00,3459.00,5188.00,3459,1729,0.00,0.00,0,0
1503916393,s1-eth1,5238440.00,128094.00,5366534.00,128094,5238440,3460.00,1731.00,5191.00,1731,3460,0.00,0.00,0,0
1503916393,s3,0.00,0.00,0.00,0,0,0.00,0.00,0.00,0,0,0.00,0.00,0,0
1503916393,s2-eth2,127798.00,5203618.00,5331416.00,5203618,127798,1727.00,3437.00,5164.00,3437,1727,0.00,0.00,0,0
1503916393,s2-eth1,5236926.00,127946.00,5364872.00,127946,5236926,3459.00,1729.00,5188.00,1729,3459,0.00,0.00,0,0
1503916393,lo,0.00,0.00,0.00,0,0,0.00,0.00,0.00,0,0,0.00,0.00,0,0
1503916393,s3-eth2,127798.00,5170310.00,5298108.00,5170310,127798,1727.00,3415.00,5142.00,3415,1727,0.00,0.00,0,0
1503916393,s3-eth1,5203618.00,127798.00,5331416.00,127798,5203618,3437.00,1727.00,5164.00,1727,3437,0.00,0.00,0,0
1503916393,total,16062526.00,15994692.00,32057218.00,15994692,16062526,15539.00,15498.00,31037.00,15498,15539,0.00,0.00,0,0
1503916394,s1,0.00,0.00,0.00,0,0,0.00,0.00,0.00,0,0,0.00,0.00,0,0
1503916394,eth0,0.00,0.00,0.00,0,0,0.00,0.00,0.00,0,0,0.00,0.00,0,0
1503916394,eth1,0.00,0.00,0.00,0,0,0.00,0.00,0.00,0,0,0.00,0.00,0,0
1503916394,s2,0.00,0.00,0.00,0,0,0.00,0.00,0.00,0,0,0.00,0.00,0,0
1503916394,s1-eth2,139934.00,5718378.00,5858312.00,5718378,139934,1891.00,3777.00,5668.00,3777,1891,0.00,0.00,0,0
1503916394,s1-eth1,5722920.00,139860.00,5862780.00,139860,5722920,3780.00,1890.00,5670.00,1890,3780,0.00,0.00,0,0
1503916394,s3,0.00,0.00,0.00,0,0,0.00,0.00,0.00,0,0,0.00,0.00,0,0
1503916394,s2-eth2,140008.00,5739574.00,5879582.00,5739574,140008,1892.00,3791.00,5683.00,3791,1892,0.00,0.00,0,0
1503916394,s2-eth1,5718378.00,139934.00,5858312.00,139934,5718378,3777.00,1891.00,5668.00,1891,3777,0.00,0.00,0,0
1503916394,lo,0.00,0.00,0.00,0,0,0.00,0.00,0.00,0,0,0.00,0.00,0,0
1503916394,s3-eth2,139934.00,5756228.00,5896162.00,5756228,139934,1891.00,3802.00,5693.00,3802,1891,0.00,0.00,0,0
1503916394,s3-eth1,5739574.00,140008.00,5879582.00,140008,5739574,3791.00,1892.00,5683.00,1892,3791,0.00,0.00,0,0
1503916394,total,17600748.00,17633982.00,35234728.00,17633982,17600748,17022.00,17043.00,34065.00,17043,17022,0.00,0.00,0,0
1503916395,s1,0.00,0.00,0.00,0,0,0.00,0.00,0.00,0,0,0.00,0.00,0,0
1503916395,eth0,0.00,0.00,0.00,0,0,0.00,0.00,0.00,0,0,0.00,0.00,0,0
1503916395,eth1,0.00,0.00,0.00,0,0,0.00,0.00,0.00,0,0,0.00,0.00,0,0
1503916395,s2,0.00,0.00,0.00,0,0,0.00,0.00,0.00,0,0,0.00,0.00,0,0
1503916395,s1-eth2,148518.00,6087794.00,6236312.00,6087794,148518,2007.00,4021.00,6028.00,4021,2007,0.00,0.00,0,0
1503916395,s1-eth1,6081738.00,148592.00,6230330.00,148592,6081738,4017.00,2008.00,6025.00,2008,4017,0.00,0.00,0,0
1503916395,s3,0.00,0.00,0.00,0,0,0.00,0.00,0.00,0,0,0.00,0.00,0,0
1503916395,s2-eth2,148518.00,6090822.00,6239340.00,6090822,148518,2007.00,4023.00,6030.00,4023,2007,0.00,0.00,0,0
1503916395,s2-eth1,6087794.00,148518.00,6236312.00,148518,6087794,4021.00,2007.00,6028.00,2007,4021,0.00,0.00,0,0
1503916395,lo,0.00,0.00,0.00,0,0,0.00,0.00,0.00,0,0,0.00,0.00,0,0
1503916395,s3-eth2,148518.00,6093850.00,6242368.00,6093850,148518,2007.00,4025.00,6032.00,4025,2007,0.00,0.00,0,0
1503916395,s3-eth1,6090822.00,148518.00,6239340.00,148518,6090822,4023.00,2007.00,6030.00,2007,4023,0.00,0.00,0,0
1503916395,total,18705908.00,18718094.00,37424000.00,18718094,18705908,18082.00,18091.00,36173.00,18091,18082,0.00,0.00,0,0
1503916396,s1,0.00,0.00,0.00,0,0,0.00,0.00,0.00,0,0,0.00,0.00,0,0
1503916396,eth0,0.00,0.00,0.00,0,0,0.00,0.00,0.00,0,0,0.00,0.00,0,0
1503916396,eth1,107.00,0.00,107.00,0,107,1.00,0.00,1.00,0,1,0.00,0.00,0,0
1503916396,s2,0.00,0.00,0.00,0,0,0.00,0.00,0.00,0,0,0.00,0.00,0,0
1503916396,s1-eth2,152070.00,6222540.00,6374610.00,6222540,152070,2055.00,4110.00,6165.00,4110,2055,0.00,0.00,0,0
1503916396,s1-eth1,6222540.00,152070.00,6374610.00,152070,6222540,4110.00,2055.00,6165.00,2055,4110,0.00,0.00,0,0
1503916396,s3,0.00,0.00,0.00,0,0,0.00,0.00,0.00,0,0,0.00,0.00,0,0
1503916396,s2-eth2,152070.00,6224054.00,6376124.00,6224054,152070,2055.00,4111.00,6166.00,4111,2055,0.00,0.00,0,0
1503916396,s2-eth1,6222540.00,152070.00,6374610.00,152070,6222540,4110.00,2055.00,6165.00,2055,4110,0.00,0.00,0,0
1503916396,lo,516.00,516.00,1032.00,516,516,9.00,9.00,18.00,9,9,0.00,0.00,0,0
1503916396,s3-eth2,152070.00,6224054.00,6376124.00,6224054,152070,2055.00,4111.00,6166.00,4111,2055,0.00,0.00,0,0
1503916396,s3-eth1,6224054.00,152070.00,6376124.00,152070,6224054,4111.00,2055.00,6166.00,2055,4111,0.00,0.00,0,0
1503916396,total,19125968.00,19127374.00,38253340.00,19127374,19125967,18506.00,18506.00,37012.00,18506,18506,0.00,0.00,0,0
1503916397,s1,0.00,0.00,0.00,0,0,0.00,0.00,0.00,0,0,0.00,0.00,0,0
1503916397,eth0,0.00,0.00,0.00,0,0,0.00,0.00,0.00,0,0,0.00,0.00,0,0
1503916397,eth1,0.00,0.00,0.00,0,0,0.00,0.00,0.00,0,0,0.00,0.00,0,0
1503916397,s2,0.00,0.00,0.00,0,0,0.00,0.00,0.00,0,0,0.00,0.00,0,0
1503916397,s1-eth2,151700.00,6205886.00,6357586.00,6205886,151700,2050.00,4099.00,6149.00,4099,2050,0.00,0.00,0,0
1503916397,s1-eth1,6204372.00,151700.00,6356072.00,151700,6204372,4098.00,2050.00,6148.00,2050,4098,0.00,0.00,0,0
1503916397,s3,0.00,0.00,0.00,0,0,0.00,0.00,0.00,0,0,0.00,0.00,0,0
1503916397,s2-eth2,151626.00,6205886.00,6357512.00,6205886,151626,2049.00,4099.00,6148.00,4099,2049,0.00,0.00,0,0
1503916397,s2-eth1,6205886.00,151700.00,6357586.00,151700,6205886,4099.00,2050.00,6149.00,2050,4099,0.00,0.00,0,0
1503916397,lo,0.00,0.00,0.00,0,0,0.00,0.00,0.00,0,0,0.00,0.00,0,0
1503916397,s3-eth2,151626.00,6204372.00,6355998.00,6204372,151626,2049.00,4098.00,6147.00,4098,2049,0.00,0.00,0,0
1503916397,s3-eth1,6205886.00,151626.00,6357512.00,151626,6205886,4099.00,2049.00,6148.00,2049,4099,0.00,0.00,0,0
1503916397,total,19071096.00,19071170.00,38142264.00,19071170,19071096,18444.00,18445.00,36889.00,18445,18444,0.00,0.00,0,0
1503916398,s1,0.00,0.00,0.00,0,0,0.00,0.00,0.00,0,0,0.00,0.00,0,0
1503916398,eth0,0.00,0.00,0.00,0,0,0.00,0.00,0.00,0,0,0.00,0.00,0,0
1503916398,eth1,0.00,0.00,0.00,0,0,0.00,0.00,0.00,0,0,0.00,0.00,0,0
1503916398,s2,0.00,0.00,0.00,0,0,0.00,0.00,0.00,0,0,0.00,0.00,0,0
1503916398,s1-eth2,151256.00,6190746.00,6342002.00,6190746,151256,2044.00,4089.00,6133.00,4089,2044,0.00,0.00,0,0
1503916398,s1-eth1,6192260.00,151256.00,6343516.00,151256,6192260,4090.00,2044.00,6134.00,2044,4090,0.00,0.00,0,0
1503916398,s3,0.00,0.00,0.00,0,0,0.00,0.00,0.00,0,0,0.00,0.00,0,0
1503916398,s2-eth2,151330.00,6190746.00,6342076.00,6190746,151330,2045.00,4089.00,6134.00,4089,2045,0.00,0.00,0,0
1503916398,s2-eth1,6190746.00,151256.00,6342002.00,151256,6190746,4089.00,2044.00,6133.00,2044,4089,0.00,0.00,0,0
1503916398,lo,0.00,0.00,0.00,0,0,0.00,0.00,0.00,0,0,0.00,0.00,0,0
1503916398,s3-eth2,151330.00,6190746.00,6342076.00,6190746,151330,2045.00,4089.00,6134.00,4089,2045,0.00,0.00,0,0
1503916398,s3-eth1,6190746.00,151330.00,6342076.00,151330,6190746,4089.00,2045.00,6134.00,2045,4089,0.00,0.00,0,0
1503916398,total,19027668.00,19026080.00,38053748.00,19026080,19027668,18402.00,18400.00,36802.00,18400,18402,0.00,0.00,0,0
1503916399,s1,0.00,0.00,0.00,0,0,0.00,0.00,0.00,0,0,0.00,0.00,0,0
1503916399,eth0,0.00,0.00,0.00,0,0,0.00,0.00,0.00,0,0,0.00,0.00,0,0
1503916399,eth1,0.00,0.00,0.00,0,0,0.00,0.00,0.00,0,0,0.00,0.00,0,0
1503916399,s2,0.00,0.00,0.00,0,0,0.00,0.00,0.00,0,0,0.00,0.00,0,0
1503916399,s1-eth2,151774.00,6202858.00,6354632.00,6202858,151774,2051.00,4097.00,6148.00,4097,2051,0.00,0.00,0,0
1503916399,s1-eth1,6202858.00,151626.00,6354484.00,151626,6202858,4097.00,2049.00,6146.00,2049,4097,0.00,0.00,0,0
1503916399,s3,0.00,0.00,0.00,0,0,0.00,0.00,0.00,0,0,0.00,0.00,0,0
1503916399,s2-eth2,151700.00,6202858.00,6354558.00,6202858,151700,2050.00,4097.00,6147.00,4097,2050,0.00,0.00,0,0
1503916399,s2-eth1,6202858.00,151774.00,6354632.00,151774,6202858,4097.00,2051.00,6148.00,2051,4097,0.00,0.00,0,0
1503916399,lo,0.00,0.00,0.00,0,0,0.00,0.00,0.00,0,0,0.00,0.00,0,0
1503916399,s3-eth2,151700.00,6202858.00,6354558.00,6202858,151700,2050.00,4097.00,6147.00,4097,2050,0.00,0.00,0,0
1503916399,s3-eth1,6202858.00,151700.00,6354558.00,151700,6202858,4097.00,2050.00,6147.00,2050,4097,0.00,0.00,0,0
1503916399,total,19063748.00,19063674.00,38127424.00,19063674,19063748,18442.00,18441.00,36883.00,18441,18442,0.00,0.00,0,0
1503916400,s1,0.00,342.00,342.00,342,0,0.00,1.00,1.00,1,0,0.00,0.00,0,0
1503916400,eth0,0.00,0.00,0.00,0,0,0.00,0.00,0.00,0,0,0.00,0.00,0,0
1503916400,eth1,0.00,0.00,0.00,0,0,0.00,0.00,0.00,0,0,0.00,0.00,0,0
1503916400,s2,0.00,342.00,342.00,342,0,0.00,1.00,1.00,1,0,0.00,0.00,0,0
1503916400,s1-eth2,145262.00,5948848.00,6094110.00,5948848,145262,1963.00,3930.00,5893.00,3930,1963,0.00,0.00,0,0
1503916400,s1-eth1,5948848.00,145336.00,6094184.00,145336,5948848,3930.00,1964.00,5894.00,1964,3930,0.00,0.00,0,0
1503916400,s3,0.00,0.00,0.00,0,0,0.00,0.00,0.00,0,0,0.00,0.00,0,0
1503916400,s2-eth2,145262.00,5947334.00,6092596.00,5947334,145262,1963.00,3929.00,5892.00,3929,1963,0.00,0.00,0,0
1503916400,s2-eth1,5948848.00,145262.00,6094110.00,145262,5948848,3930.00,1963.00,5893.00,1963,3930,0.00,0.00,0,0
1503916400,lo,652.00,652.00,1304.00,652,652,6.00,6.00,12.00,6,6,0.00,0.00,0,0
1503916400,s3-eth2,145262.00,5951534.00,6096796.00,5951534,145262,1963.00,3931.00,5894.00,3931,1963,0.00,0.00,0,0
1503916400,s3-eth1,5947334.00,145262.00,6092596.00,145262,5947334,3929.00,1963.00,5892.00,1963,3929,0.00,0.00,0,0
1503916400,total,18281468.00,18284912.00,36566380.00,18284912,18281468,17684.00,17688.00,35372.00,17688,17684,0.00,0.00,0,0
1503916401,s1,0.00,0.00,0.00,0,0,0.00,0.00,0.00,0,0,0.00,0.00,0,0
1503916401,eth0,0.00,0.00,0.00,0,0,0.00,0.00,0.00,0,0,0.00,0.00,0,0
1503916401,eth1,0.00,0.00,0.00,0,0,0.00,0.00,0.00,0,0,0.00,0.00,0,0
1503916401,s2,0.00,0.00,0.00,0,0,0.00,0.00,0.00,0,0,0.00,0.00,0,0
1503916401,s1-eth2,151372.00,6196844.00,6348216.00,6196844,151372,2046.00,4094.00,6140.00,4094,2046,0.00,0.00,0,0
1503916401,s1-eth1,6195330.00,151446.00,6346776.00,151446,6195330,4093.00,2047.00,6140.00,2047,4093,0.00,0.00,0,0
1503916401,s3,0.00,0.00,0.00,0,0,0.00,0.00,0.00,0,0,0.00,0.00,0,0
1503916401,s2-eth2,151446.00,6195330.00,6346776.00,6195330,151446,2047.00,4093.00,6140.00,4093,2047,0.00,0.00,0,0
1503916401,s2-eth1,6196844.00,151446.00,6348290.00,151446,6196844,4094.00,2047.00,6141.00,2047,4094,0.00,0.00,0,0
1503916401,lo,888.00,888.00,1776.00,888,888,9.00,9.00,18.00,9,9,0.00,0.00,0,0
1503916401,s3-eth2,151446.00,6193816.00,6345262.00,6193816,151446,2047.00,4092.00,6139.00,4092,2047,0.00,0.00,0,0
1503916401,s3-eth1,6195330.00,151446.00,6346776.00,151446,6195330,4093.00,2047.00,6140.00,2047,4093,0.00,0.00,0,0
1503916401,total,19042656.00,19041216.00,38083872.00,19041216,19042656,18429.00,18429.00,36858.00,18429,18429,0.00,0.00,0,0
1503916402,s1,0.00,0.00,0.00,0,0,0.00,0.00,0.00,0,0,0.00,0.00,0,0
1503916402,eth0,0.00,0.00,0.00,0,0,0.00,0.00,0.00,0,0,0.00,0.00,0,0
1503916402,eth1,0.00,0.00,0.00,0,0,0.00,0.00,0.00,0,0,0.00,0.00,0,0
1503916402,s2,0.00,0.00,0.00,0,0,0.00,0.00,0.00,0,0,0.00,0.00,0,0
1503916402,s1-eth2,152144.00,6225568.00,6377712.00,6225568,152144,2056.00,4112.00,6168.00,4112,2056,0.00,0.00,0,0
1503916402,s1-eth1,6225568.00,152144.00,6377712.00,152144,6225568,4112.00,2056.00,6168.00,2056,4112,0.00,0.00,0,0
1503916402,s3,0.00,0.00,0.00,0,0,0.00,0.00,0.00,0,0,0.00,0.00,0,0
1503916402,s2-eth2,152218.00,6227082.00,6379300.00,6227082,152218,2057.00,4113.00,6170.00,4113,2057,0.00,0.00,0,0
1503916402,s2-eth1,6225568.00,152070.00,6377638.00,152070,6225568,4112.00,2055.00,6167.00,2055,4112,0.00,0.00,0,0
1503916402,lo,0.00,0.00,0.00,0,0,0.00,0.00,0.00,0,0,0.00,0.00,0,0
1503916402,s3-eth2,152218.00,6227082.00,6379300.00,6227082,152218,2057.00,4113.00,6170.00,4113,2057,0.00,0.00,0,0
1503916402,s3-eth1,6227082.00,152218.00,6379300.00,152218,6227082,4113.00,2057.00,6170.00,2057,4113,0.00,0.00,0,0
1503916402,total,19134798.00,19136164.00,38270960.00,19136164,19134798,18507.00,18506.00,37013.00,18506,18507,0.00,0.00,0,0
1503916403,s1,0.00,342.00,342.00,342,0,0.00,1.00,1.00,1,0,0.00,0.00,0,0
1503916403,eth0,0.00,0.00,0.00,0,0,0.00,0.00,0.00,0,0,0.00,0.00,0,0
1503916403,eth1,0.00,0.00,0.00,0,0,0.00,0.00,0.00,0,0,0.00,0.00,0,0
1503916403,s2,0.00,0.00,0.00,0,0,0.00,0.00,0.00,0,0,0.00,0.00,0,0
1503916403,s1-eth2,150220.00,6142640.00,6292860.00,6142640,150220,2030.00,4058.00,6088.00,4058,2030,0.00,0.00,0,0
1503916403,s1-eth1,6144154.00,150146.00,6294300.00,150146,6144154,4059.00,2029.00,6088.00,2029,4059,0.00,0.00,0,0
1503916403,s3,0.00,0.00,0.00,0,0,0.00,0.00,0.00,0,0,0.00,0.00,0,0
1503916403,s2-eth2,150072.00,6143812.00,6293884.00,6143812,150072,2028.00,4058.00,6086.00,4058,2028,0.00,0.00,0,0
1503916403,s2-eth1,6142640.00,150220.00,6292860.00,150220,6142640,4058.00,2030.00,6088.00,2030,4058,0.00,0.00,0,0
1503916403,lo,326.00,326.00,652.00,326,326,3.00,3.00,6.00,3,3,0.00,0.00,0,0
1503916403,s3-eth2,150072.00,6146840.00,6296912.00,6146840,150072,2028.00,4060.00,6088.00,4060,2028,0.00,0.00,0,0
1503916403,s3-eth1,6143812.00,150072.00,6293884.00,150072,6143812,4058.00,2028.00,6086.00,2028,4058,0.00,0.00,0,0
1503916403,total,18881296.00,18884398.00,37765696.00,18884398,18881296,18264.00,18267.00,36531.00,18267,18264,0.00,0.00,0,0
1503916404,s1,0.00,0.00,0.00,0,0,0.00,0.00,0.00,0,0,0.00,0.00,0,0
1503916404,eth0,0.00,0.00,0.00,0,0,0.00,0.00,0.00,0,0,0.00,0.00,0,0
1503916404,eth1,0.00,0.00,0.00,0,0,0.00,0.00,0.00,0,0,0.00,0.00,0,0
1503916404,s2,0.00,0.00,0.00,0,0,0.00,0.00,0.00,0,0,0.00,0.00,0,0
1503916404,s1-eth2,141488.00,5783480.00,5924968.00,5783480,141488,1912.00,3820.00,5732.00,3820,1912,0.00,0.00,0,0
1503916404,s1-eth1,5783480.00,141414.00,5924894.00,141414,5783480,3820.00,1911.00,5731.00,1911,3820,0.00,0.00,0,0
1503916404,s3,0.00,0.00,0.00,0,0,0.00,0.00,0.00,0,0,0.00,0.00,0,0
1503916404,s2-eth2,141562.00,5780452.00,5922014.00,5780452,141562,1913.00,3818.00,5731.00,3818,1913,0.00,0.00,0,0
1503916404,s2-eth1,5783480.00,141488.00,5924968.00,141488,5783480,3820.00,1912.00,5732.00,1912,3820,0.00,0.00,0,0
1503916404,lo,0.00,0.00,0.00,0,0,0.00,0.00,0.00,0,0,0.00,0.00,0,0
1503916404,s3-eth2,141932.00,5769854.00,5911786.00,5769854,141932,1918.00,3811.00,5729.00,3811,1918,0.00,0.00,0,0
1503916404,s3-eth1,5780452.00,141562.00,5922014.00,141562,5780452,3818.00,1913.00,5731.00,1913,3818,0.00,0.00,0,0
1503916404,total,17772394.00,17758250.00,35530644.00,17758250,17772394,17201.00,17185.00,34386.00,17185,17201,0.00,0.00,0,0
1503916405,s1,0.00,0.00,0.00,0,0,0.00,0.00,0.00,0,0,0.00,0.00,0,0
1503916405,eth0,0.00,0.00,0.00,0,0,0.00,0.00,0.00,0,0,0.00,0.00,0,0
1503916405,eth1,0.00,0.00,0.00,0,0,0.00,0.00,0.00,0,0,0.00,0.00,0,0
1503916405,s2,0.00,0.00,0.00,0,0,0.00,0.00,0.00,0,0,0.00,0.00,0,0
1503916405,s1-eth2,136974.00,5610884.00,5747858.00,5610884,136974,1851.00,3706.00,5557.00,3706,1851,0.00,0.00,0,0
1503916405,s1-eth1,5612398.00,137048.00,5749446.00,137048,5612398,3707.00,1852.00,5559.00,1852,3707,0.00,0.00,0,0
1503916405,s3,0.00,0.00,0.00,0,0,0.00,0.00,0.00,0,0,0.00,0.00,0,0
1503916405,s2-eth2,136900.00,5612398.00,5749298.00,5612398,136900,1850.00,3707.00,5557.00,3707,1850,0.00,0.00,0,0
1503916405,s2-eth1,5610884.00,136974.00,5747858.00,136974,5610884,3706.00,1851.00,5557.00,1851,3706,0.00,0.00,0,0
1503916405,lo,344.00,344.00,688.00,344,344,6.00,6.00,12.00,6,6,0.00,0.00,0,0
1503916405,s3-eth2,136530.00,5616940.00,5753470.00,5616940,136530,1845.00,3710.00,5555.00,3710,1845,0.00,0.00,0,0
1503916405,s3-eth1,5612398.00,136900.00,5749298.00,136900,5612398,3707.00,1850.00,5557.00,1850,3707,0.00,0.00,0,0
1503916405,total,17246428.00,17251488.00,34497916.00,17251488,17246428,16672.00,16682.00,33354.00,16682,16672,0.00,0.00,0,0
1503916406,s1,0.00,0.00,0.00,0,0,0.00,0.00,0.00,0,0,0.00,0.00,0,0
1503916406,eth0,0.00,0.00,0.00,0,0,0.00,0.00,0.00,0,0,0.00,0.00,0,0
1503916406,eth1,0.00,0.00,0.00,0,0,0.00,0.00,0.00,0,0,0.00,0.00,0,0
1503916406,s2,0.00,0.00,0.00,0,0,0.00,0.00,0.00,0,0,0.00,0.00,0,0
1503916406,s1-eth2,151700.00,6208914.00,6360614.00,6208914,151700,2050.00,4101.00,6151.00,4101,2050,0.00,0.00,0,0
1503916406,s1-eth1,6207400.00,151774.00,6359174.00,151774,6207400,4100.00,2051.00,6151.00,2051,4100,0.00,0.00,0,0
1503916406,s3,0.00,0.00,0.00,0,0,0.00,0.00,0.00,0,0,0.00,0.00,0,0
1503916406,s2-eth2,151700.00,6207400.00,6359100.00,6207400,151700,2050.00,4100.00,6150.00,4100,2050,0.00,0.00,0,0
1503916406,s2-eth1,6208914.00,151700.00,6360614.00,151700,6208914,4101.00,2050.00,6151.00,2050,4101,0.00,0.00,0,0
1503916406,lo,0.00,0.00,0.00,0,0,0.00,0.00,0.00,0,0,0.00,0.00,0,0
1503916406,s3-eth2,151700.00,6207400.00,6359100.00,6207400,151700,2050.00,4100.00,6150.00,4100,2050,0.00,0.00,0,0
1503916406,s3-eth1,6207400.00,151700.00,6359100.00,151700,6207400,4100.00,2050.00,6150.00,2050,4100,0.00,0.00,0,0
1503916406,total,19078814.00,19078888.00,38157704.00,19078888,19078814,18451.00,18452.00,36903.00,18452,18451,0.00,0.00,0,0
1503916407,s1,0.00,982.00,982.00,982,0,0.00,5.00,5.00,5,0,0.00,0.00,0,0
1503916407,eth0,760.00,1225.00,1985.00,1225,760,10.00,10.00,20.00,10,10,0.00,0.00,0,0
1503916407,eth1,0.00,0.00,0.00,0,0,0.00,0.00,0.00,0,0,0.00,0.00,0,0
1503916407,s2,0.00,904.00,904.00,904,0,0.00,4.00,4.00,4,0,0.00,0.00,0,0
1503916407,s1-eth2,136612.00,5574016.00,5710628.00,5574016,136612,1842.00,3686.00,5528.00,3686,1842,0.00,0.00,0,0
1503916407,s1-eth1,5572954.00,136160.00,5709114.00,136160,5572954,3687.00,1840.00,5527.00,1840,3687,0.00,0.00,0,0
1503916407,s3,0.00,982.00,982.00,982,0,0.00,5.00,5.00,5,0,0.00,0.00,0,0
1503916407,s2-eth2,137142.00,5575000.00,5712142.00,5575000,137142,1845.00,3684.00,5529.00,3684,1845,0.00,0.00,0,0
1503916407,s2-eth1,5574016.00,136612.00,5710628.00,136612,5574016,3686.00,1842.00,5528.00,1842,3686,0.00,0.00,0,0
1503916407,lo,6077.00,6077.00,12154.00,6077,6077,62.00,62.00,124.00,62,62,0.00,0.00,0,0
1503916407,s3-eth2,137290.00,5576062.00,5713352.00,5576062,137290,1847.00,3683.00,5530.00,3683,1847,0.00,0.00,0,0
1503916407,s3-eth1,5575000.00,137142.00,5712142.00,137142,5575000,3684.00,1845.00,5529.00,1845,3684,0.00,0.00,0,0
1503916407,total,17139852.00,17145162.00,34285012.00,17145162,17139851,16663.00,16666.00,33329.00,16666,16663,0.00,0.00,0,0
1503916408,s1,0.00,528.00,528.00,528,0,0.00,6.00,6.00,6,0,0.00,0.00,0,0
1503916408,eth0,456.00,735.00,1191.00,735,456,6.00,6.00,12.00,6,6,0.00,0.00,0,0
1503916408,eth1,0.00,0.00,0.00,0,0,0.00,0.00,0.00,0,0,0.00,0.00,0,0
1503916408,s2,0.00,356.00,356.00,356,0,0.00,4.00,4.00,4,0,0.00,0.00,0,0
1503916408,s1-eth2,139974.00,5706794.00,5846768.00,5706794,139974,1891.00,3775.00,5666.00,3775,1891,0.00,0.00,0,0
1503916408,s1-eth1,5720608.00,139786.00,5860394.00,139786,5720608,3786.00,1889.00,5675.00,1889,3786,0.00,0.00,0,0
1503916408,s3,0.00,548.00,548.00,548,0,0.00,6.00,6.00,6,0,0.00,0.00,0,0
1503916408,s2-eth2,140334.00,5688266.00,5828600.00,5688266,140334,1895.00,3759.00,5654.00,3759,1895,0.00,0.00,0,0
1503916408,s2-eth1,5706794.00,139974.00,5846768.00,139974,5706794,3775.00,1891.00,5666.00,1891,3775,0.00,0.00,0,0
1503916408,lo,5623.00,5623.00,11246.00,5623,5623,60.00,60.00,120.00,60,60,0.00,0.00,0,0
1503916408,s3-eth2,140334.00,5674472.00,5814806.00,5674472,140334,1895.00,3748.00,5643.00,3748,1895,0.00,0.00,0,0
1503916408,s3-eth1,5688266.00,140334.00,5828600.00,140334,5688266,3759.00,1895.00,5654.00,1895,3759,0.00,0.00,0,0
1503916408,total,17542388.00,17497416.00,35039804.00,17497416,17542389,17067.00,17039.00,34106.00,17039,17067,0.00,0.00,0,0
1503916409,s1,0.00,3545.00,3545.00,3545,0,0.00,17.00,17.00,17,0,0.00,0.00,0,0
1503916409,eth0,456.00,735.00,1191.00,735,456,6.00,6.00,12.00,6,6,0.00,0.00,0,0
1503916409,eth1,0.00,0.00,0.00,0,0,0.00,0.00,0.00,0,0,0.00,0.00,0,0
1503916409,s2,0.00,3033.00,3033.00,3033,0,0.00,17.00,17.00,17,0,0.00,0.00,0,0
1503916409,s1-eth2,137874.00,5596261.00,5734135.00,5596261,137874,1853.00,3711.00,5564.00,3711,1853,0.00,0.00,0,0
1503916409,s1-eth1,5587442.00,136382.00,5723824.00,136382,5587442,3714.00,1843.00,5557.00,1843,3714,0.00,0.00,0,0
1503916409,s3,0.00,3200.00,3200.00,3200,0,0.00,16.00,16.00,16,0,0.00,0.00,0,0
1503916409,s2-eth2,139804.00,5608031.00,5747835.00,5608031,139804,1862.00,3712.00,5574.00,3712,1862,0.00,0.00,0,0
1503916409,s2-eth1,5596261.00,137874.00,5734135.00,137874,5596261,3711.00,1853.00,5564.00,1853,3711,0.00,0.00,0,0
1503916409,lo,16165.00,16165.00,32330.00,16165,16165,156.00,156.00,312.00,156,156,0.00,0.00,0,0
1503916409,s3-eth2,139656.00,5615426.00,5755082.00,5615426,139656,1860.00,3709.00,5569.00,3709,1860,0.00,0.00,0,0
1503916409,s3-eth1,5608031.00,139804.00,5747835.00,139804,5608031,3712.00,1862.00,5574.00,1862,3712,0.00,0.00,0,0
1503916409,total,17225688.00,17260456.00,34486144.00,17260456,17225689,16874.00,16902.00,33776.00,16902,16874,0.00,0.00,0,0
1503916410,s1,0.00,1849.00,1849.00,1849,0,0.00,8.00,8.00,8,0,0.00,0.00,0,0
1503916410,eth0,152.00,245.00,397.00,245,152,2.00,2.00,4.00,2,2,0.00,0.00,0,0
1503916410,eth1,0.00,0.00,0.00,0,0,0.00,0.00,0.00,0,0,0.00,0.00,0,0
1503916410,s2,0.00,2611.00,2611.00,2611,0,0.00,11.00,11.00,11,0,0.00,0.00,0,0
1503916410,s1-eth2,147998.00,5998803.00,6146801.00,5998803,147998,1986.00,3969.00,5955.00,3969,1986,0.00,0.00,0,0
1503916410,s1-eth1,5996818.00,146594.00,6143412.00,146594,5996818,3971.00,1981.00,5952.00,1981,3971,0.00,0.00,0,0
1503916410,s3,0.00,2194.00,2194.00,2194,0,0.00,9.00,9.00,9,0,0.00,0.00,0,0
1503916410,s2-eth2,148788.00,6002629.00,6151417.00,6002629,148788,1990.00,3969.00,5959.00,3969,1990,0.00,0.00,0,0
1503916410,s2-eth1,5998803.00,147998.00,6146801.00,147998,5998803,3969.00,1986.00,5955.00,1986,3969,0.00,0.00,0,0
1503916410,lo,9191.00,9191.00,18382.00,9191,9191,88.00,88.00,176.00,88,88,0.00,0.00,0,0
1503916410,s3-eth2,148936.00,6007552.00,6156488.00,6007552,148936,1992.00,3968.00,5960.00,3968,1992,0.00,0.00,0,0
1503916410,s3-eth1,6002629.00,148788.00,6151417.00,148788,6002629,3969.00,1990.00,5959.00,1990,3969,0.00,0.00,0,0
1503916410,total,18453316.00,18468454.00,36921768.00,18468454,18453315,17967.00,17981.00,35948.00,17981,17967,0.00,0.00,0,0
1503916411,s1,0.00,654.00,654.00,654,0,0.00,2.00,2.00,2,0,0.00,0.00,0,0
1503916411,eth0,0.00,0.00,0.00,0,0,0.00,0.00,0.00,0,0,0.00,0.00,0,0
1503916411,eth1,0.00,0.00,0.00,0,0,0.00,0.00,0.00,0,0,0.00,0.00,0,0
1503916411,s2,0.00,654.00,654.00,654,0,0.00,2.00,2.00,2,0,0.00,0.00,0,0
1503916411,s1-eth2,149067.00,6091476.00,6240543.00,6091476,149067,2011.00,4025.00,6036.00,4025,2011,0.00,0.00,0,0
1503916411,s1-eth1,6093317.00,148814.00,6242131.00,148814,6093317,4027.00,2011.00,6038.00,2011,4027,0.00,0.00,0,0
1503916411,s3,0.00,654.00,654.00,654,0,0.00,2.00,2.00,2,0,0.00,0.00,0,0
1503916411,s2-eth2,149394.00,6092663.00,6242057.00,6092663,149394,2012.00,4025.00,6037.00,4025,2012,0.00,0.00,0,0
1503916411,s2-eth1,6091476.00,149067.00,6240543.00,149067,6091476,4025.00,2011.00,6036.00,2011,4025,0.00,0.00,0,0
1503916411,lo,1956.00,1956.00,3912.00,1956,1956,18.00,18.00,36.00,18,18,0.00,0.00,0,0
1503916411,s3-eth2,149246.00,6093850.00,6243096.00,6093850,149246,2010.00,4025.00,6035.00,4025,2010,0.00,0.00,0,0
1503916411,s3-eth1,6092663.00,149394.00,6242057.00,149394,6092663,4025.00,2012.00,6037.00,2012,4025,0.00,0.00,0,0
1503916411,total,18727120.00,18729182.00,37456300.00,18729182,18727119,18128.00,18133.00,36261.00,18133,18128,0.00,0.00,0,0
1503916412,s1,0.00,818.00,818.00,818,0,0.00,5.00,5.00,5,0,0.00,0.00,0,0
1503916412,eth0,60.00,60.00,120.00,60,60,1.00,1.00,2.00,1,1,0.00,0.00,0,0
1503916412,eth1,0.00,0.00,0.00,0,0,0.00,0.00,0.00,0,0,0.00,0.00,0,0
1503916412,s2,0.00,481.00,481.00,481,0,0.00,3.00,3.00,3,0,0.00,0.00,0,0
1503916412,s1-eth2,151585.00,6200648.00,6352233.00,6200648,151585,2048.00,4100.00,6148.00,4100,2048,0.00,0.00,0,0
1503916412,s1-eth1,6200755.00,151478.00,6352233.00,151478,6200755,4101.00,2047.00,6148.00,2047,4101,0.00,0.00,0,0
1503916412,s3,0.00,551.00,551.00,551,0,0.00,4.00,4.00,4,0,0.00,0.00,0,0
1503916412,s2-eth2,151955.00,6200204.00,6352159.00,6200204,151955,2050.00,4097.00,6147.00,4097,2050,0.00,0.00,0,0
1503916412,s2-eth1,6200648.00,151585.00,6352233.00,151585,6200648,4100.00,2048.00,6148.00,2048,4100,0.00,0.00,0,0
1503916412,lo,3670.00,3670.00,7340.00,3670,3670,36.00,36.00,72.00,36,36,0.00,0.00,0,0
1503916412,s3-eth2,152029.00,6201344.00,6353373.00,6201344,152029,2051.00,4096.00,6147.00,4096,2051,0.00,0.00,0,0
1503916412,s3-eth1,6200204.00,151955.00,6352159.00,151955,6200204,4097.00,2050.00,6147.00,2050,4097,0.00,0.00,0,0
1503916412,total,19060906.00,19062794.00,38123700.00,19062794,19060906,18484.00,18487.00,36971.00,18487,18484,0.00,0.00,0,0
1503916413,s1,0.00,724.00,724.00,724,0,0.00,3.00,3.00,3,0,0.00,0.00,0,0
1503916413,eth0,0.00,0.00,0.00,0,0,0.00,0.00,0.00,0,0,0.00,0.00,0,0
1503916413,eth1,0.00,0.00,0.00,0,0,0.00,0.00,0.00,0,0,0.00,0.00,0,0
1503916413,s2,0.00,1061.00,1061.00,1061,0,0.00,5.00,5.00,5,0,0.00,0.00,0,0
1503916413,s1-eth2,151328.00,6165732.00,6317060.00,6165732,151328,2039.00,4075.00,6114.00,4075,2039,0.00,0.00,0,0
1503916413,s1-eth1,6164882.00,150590.00,6315472.00,150590,6164882,4077.00,2035.00,6112.00,2035,4077,0.00,0.00,0,0
1503916413,s3,0.00,991.00,991.00,991,0,0.00,4.00,4.00,4,0,0.00,0.00,0,0
1503916413,s2-eth2,151581.00,6165405.00,6316986.00,6165405,151581,2039.00,4074.00,6113.00,4074,2039,0.00,0.00,0,0
1503916413,s2-eth1,6165732.00,151328.00,6317060.00,151328,6165732,4075.00,2039.00,6114.00,2039,4075,0.00,0.00,0,0
1503916413,lo,3680.00,3680.00,7360.00,3680,3680,36.00,36.00,72.00,36,36,0.00,0.00,0,0
1503916413,s3-eth2,151507.00,6163494.00,6315001.00,6163494,151507,2038.00,4071.00,6109.00,4071,2038,0.00,0.00,0,0
1503916413,s3-eth1,6165405.00,151581.00,6316986.00,151581,6165405,4074.00,2039.00,6113.00,2039,4074,0.00,0.00,0,0
1503916413,total,18954116.00,18954586.00,37908700.00,18954586,18954115,18378.00,18381.00,36759.00,18381,18378,0.00,0.00,0,0
1503916414,s1,0.00,342.00,342.00,342,0,0.00,1.00,1.00,1,0,0.00,0.00,0,0
1503916414,eth0,0.00,0.00,0.00,0,0,0.00,0.00,0.00,0,0,0.00,0.00,0,0
1503916414,eth1,0.00,0.00,0.00,0,0,0.00,0.00,0.00,0,0,0.00,0.00,0,0
1503916414,s2,0.00,342.00,342.00,342,0,0.00,1.00,1.00,1,0,0.00,0.00,0,0
1503916414,s1-eth2,152042.00,6207742.00,6359784.00,6207742,152042,2051.00,4101.00,6152.00,4101,2051,0.00,0.00,0,0
1503916414,s1-eth1,6207742.00,151774.00,6359516.00,151774,6207742,4101.00,2051.00,6152.00,2051,4101,0.00,0.00,0,0
1503916414,s3,0.00,684.00,684.00,684,0,0.00,2.00,2.00,2,0,0.00,0.00,0,0
1503916414,s2-eth2,152458.00,6208914.00,6361372.00,6208914,152458,2053.00,4101.00,6154.00,4101,2053,0.00,0.00,0,0
1503916414,s2-eth1,6207742.00,152042.00,6359784.00,152042,6207742,4101.00,2051.00,6152.00,2051,4101,0.00,0.00,0,0
1503916414,lo,1304.00,1304.00,2608.00,1304,1304,12.00,12.00,24.00,12,12,0.00,0.00,0,0
1503916414,s3-eth2,152458.00,6208914.00,6361372.00,6208914,152458,2053.00,4101.00,6154.00,4101,2053,0.00,0.00,0,0
1503916414,s3-eth1,6208914.00,152458.00,6361372.00,152458,6208914,4101.00,2053.00,6154.00,2053,4101,0.00,0.00,0,0
1503916414,total,19082660.00,19084516.00,38167176.00,19084516,19082660,18472.00,18474.00,36946.00,18474,18472,0.00,0.00,0,0
1503916415,s1,0.00,342.00,342.00,342,0,0.00,1.00,1.00,1,0,0.00,0.00,0,0
1503916415,eth0,0.00,0.00,0.00,0,0,0.00,0.00,0.00,0,0,0.00,0.00,0,0
1503916415,eth1,0.00,0.00,0.00,0,0,0.00,0.00,0.00,0,0,0.00,0.00,0,0
1503916415,s2,0.00,342.00,342.00,342,0,0.00,1.00,1.00,1,0,0.00,0.00,0,0
1503916415,s1-eth2,152440.00,6236508.00,6388948.00,6236508,152440,2060.00,4120.00,6180.00,4120,2060,0.00,0.00,0,0
1503916415,s1-eth1,6238022.00,152366.00,6390388.00,152366,6238022,4121.00,2059.00,6180.00,2059,4121,0.00,0.00,0,0
1503916415,s3,0.00,0.00,0.00,0,0,0.00,0.00,0.00,0,0,0.00,0.00,0,0
1503916415,s2-eth2,152366.00,6234994.00,6387360.00,6234994,152366,2059.00,4119.00,6178.00,4119,2059,0.00,0.00,0,0
1503916415,s2-eth1,6236508.00,152440.00,6388948.00,152440,6236508,4120.00,2060.00,6180.00,2060,4120,0.00,0.00,0,0
1503916415,lo,652.00,652.00,1304.00,652,652,6.00,6.00,12.00,6,6,0.00,0.00,0,0
1503916415,s3-eth2,152366.00,6236166.00,6388532.00,6236166,152366,2059.00,4119.00,6178.00,4119,2059,0.00,0.00,0,0
1503916415,s3-eth1,6234994.00,152366.00,6387360.00,152366,6234994,4119.00,2059.00,6178.00,2059,4119,0.00,0.00,0,0
1503916415,total,19167348.00,19166176.00,38333524.00,19166176,19167348,18544.00,18544.00,37088.00,18544,18544,0.00,0.00,0,0
1503916416,s1,0.00,284.00,284.00,284,0,0.00,3.00,3.00,3,0,0.00,0.00,0,0
1503916416,eth0,0.00,0.00,0.00,0,0,0.00,0.00,0.00,0,0,0.00,0.00,0,0
1503916416,eth1,0.00,0.00,0.00,0,0,0.00,0.00,0.00,0,0,0.00,0.00,0,0
1503916416,s2,0.00,214.00,214.00,214,0,0.00,2.00,2.00,2,0,0.00,0.00,0,0
1503916416,s1-eth2,152177.00,6222824.00,6375001.00,6222824,152177,2056.00,4113.00,6169.00,4113,2056,0.00,0.00,0,0
1503916416,s1-eth1,6224445.00,152144.00,6376589.00,152144,6224445,4115.00,2056.00,6171.00,2056,4115,0.00,0.00,0,0
1503916416,s3,0.00,284.00,284.00,284,0,0.00,3.00,3.00,3,0,0.00,0.00,0,0
1503916416,s2-eth2,152428.00,6224161.00,6376589.00,6224161,152428,2059.00,4112.00,6171.00,4112,2059,0.00,0.00,0,0
1503916416,s2-eth1,6222824.00,152177.00,6375001.00,152177,6222824,4113.00,2056.00,6169.00,2056,4113,0.00,0.00,0,0
1503916416,lo,2366.00,2366.00,4732.00,2366,2366,24.00,24.00,48.00,24,24,0.00,0.00,0,0
1503916416,s3-eth2,152428.00,6224054.00,6376482.00,6224054,152428,2059.00,4111.00,6170.00,4111,2059,0.00,0.00,0,0
1503916416,s3-eth1,6224161.00,152428.00,6376589.00,152428,6224161,4112.00,2059.00,6171.00,2059,4112,0.00,0.00,0,0
1503916416,total,19130828.00,19130936.00,38261764.00,19130936,19130829,18538.00,18539.00,37077.00,18539,18538,0.00,0.00,0,0
1503916417,s1,0.00,70.00,70.00,70,0,0.00,1.00,1.00,1,0,0.00,0.00,0,0
1503916417,eth0,0.00,0.00,0.00,0,0,0.00,0.00,0.00,0,0,0.00,0.00,0,0
1503916417,eth1,0.00,0.00,0.00,0,0,0.00,0.00,0.00,0,0,0.00,0.00,0,0
1503916417,s2,0.00,140.00,140.00,140,0,0.00,2.00,2.00,2,0,0.00,0.00,0,0
1503916417,s1-eth2,151770.00,6207470.00,6359240.00,6207470,151770,2051.00,4101.00,6152.00,4101,2051,0.00,0.00,0,0
1503916417,s1-eth1,6206026.00,151626.00,6357652.00,151626,6206026,4101.00,2049.00,6150.00,2049,4101,0.00,0.00,0,0
1503916417,s3,0.00,70.00,70.00,70,0,0.00,1.00,1.00,1,0,0.00,0.00,0,0
1503916417,s2-eth2,151696.00,6205956.00,6357652.00,6205956,151696,2050.00,4100.00,6150.00,4100,2050,0.00,0.00,0,0
1503916417,s2-eth1,6207470.00,151770.00,6359240.00,151770,6207470,4101.00,2051.00,6152.00,2051,4101,0.00,0.00,0,0
1503916417,lo,1072.00,1072.00,2144.00,1072,1072,12.00,12.00,24.00,12,12,0.00,0.00,0,0
1503916417,s3-eth2,151696.00,6204372.00,6356068.00,6204372,151696,2050.00,4098.00,6148.00,4098,2050,0.00,0.00,0,0
1503916417,s3-eth1,6205956.00,151696.00,6357652.00,151696,6205956,4100.00,2050.00,6150.00,2050,4100,0.00,0.00,0,0
1503916417,total,19075686.00,19074242.00,38149928.00,19074242,19075686,18465.00,18465.00,36930.00,18465,18465,0.00,0.00,0,0
1503916418,s1,0.00,0.00,0.00,0,0,0.00,0.00,0.00,0,0,0.00,0.00,0,0
1503916418,eth0,0.00,0.00,0.00,0,0,0.00,0.00,0.00,0,0,0.00,0.00,0,0
1503916418,eth1,0.00,0.00,0.00,0,0,0.00,0.00,0.00,0,0,0.00,0.00,0,0
1503916418,s2,0.00,0.00,0.00,0,0,0.00,0.00,0.00,0,0,0.00,0.00,0,0
1503916418,s1-eth2,151848.00,6214970.00,6366818.00,6214970,151848,2052.00,4105.00,6157.00,4105,2052,0.00,0.00,0,0
1503916418,s1-eth1,6213798.00,151922.00,6365720.00,151922,6213798,4105.00,2053.00,6158.00,2053,4105,0.00,0.00,0,0
1503916418,s3,0.00,0.00,0.00,0,0,0.00,0.00,0.00,0,0,0.00,0.00,0,0
1503916418,s2-eth2,151848.00,6214970.00,6366818.00,6214970,151848,2052.00,4105.00,6157.00,4105,2052,0.00,0.00,0,0
1503916418,s2-eth1,6214970.00,151848.00,6366818.00,151848,6214970,4105.00,2052.00,6157.00,2052,4105,0.00,0.00,0,0
1503916418,lo,0.00,0.00,0.00,0,0,0.00,0.00,0.00,0,0,0.00,0.00,0,0
1503916418,s3-eth2,151848.00,6213456.00,6365304.00,6213456,151848,2052.00,4104.00,6156.00,4104,2052,0.00,0.00,0,0
1503916418,s3-eth1,6214970.00,151848.00,6366818.00,151848,6214970,4105.00,2052.00,6157.00,2052,4105,0.00,0.00,0,0
1503916418,total,19099282.00,19099014.00,38198296.00,19099014,19099282,18471.00,18471.00,36942.00,18471,18471,0.00,0.00,0,0
1503916419,s1,0.00,0.00,0.00,0,0,0.00,0.00,0.00,0,0,0.00,0.00,0,0
1503916419,eth0,0.00,0.00,0.00,0,0,0.00,0.00,0.00,0,0,0.00,0.00,0,0
1503916419,eth1,0.00,0.00,0.00,0,0,0.00,0.00,0.00,0,0,0.00,0.00,0,0
1503916419,s2,0.00,0.00,0.00,0,0,0.00,0.00,0.00,0,0,0.00,0.00,0,0
1503916419,s1-eth2,152366.00,6236166.00,6388532.00,6236166,152366,2059.00,4119.00,6178.00,4119,2059,0.00,0.00,0,0
1503916419,s1-eth1,6234652.00,152366.00,6387018.00,152366,6234652,4118.00,2059.00,6177.00,2059,4118,0.00,0.00,0,0
1503916419,s3,0.00,0.00,0.00,0,0,0.00,0.00,0.00,0,0,0.00,0.00,0,0
1503916419,s2-eth2,152366.00,6234652.00,6387018.00,6234652,152366,2059.00,4118.00,6177.00,4118,2059,0.00,0.00,0,0
1503916419,s2-eth1,6236166.00,152366.00,6388532.00,152366,6236166,4119.00,2059.00,6178.00,2059,4119,0.00,0.00,0,0
1503916419,lo,0.00,0.00,0.00,0,0,0.00,0.00,0.00,0,0,0.00,0.00,0,0
1503916419,s3-eth2,152514.00,6236166.00,6388680.00,6236166,152514,2061.00,4119.00,6180.00,4119,2061,0.00,0.00,0,0
1503916419,s3-eth1,6234652.00,152366.00,6387018.00,152366,6234652,4118.00,2059.00,6177.00,2059,4118,0.00,0.00,0,0
1503916419,total,19162716.00,19164082.00,38326800.00,19164082,19162716,18534.00,18533.00,37067.00,18533,18534,0.00,0.00,0,0
1503916420,s1,0.00,0.00,0.00,0,0,0.00,0.00,0.00,0,0,0.00,0.00,0,0
1503916420,eth0,0.00,0.00,0.00,0,0,0.00,0.00,0.00,0,0,0.00,0.00,0,0
1503916420,eth1,0.00,0.00,0.00,0,0,0.00,0.00,0.00,0,0,0.00,0.00,0,0
1503916420,s2,0.00,0.00,0.00,0,0,0.00,0.00,0.00,0,0,0.00,0.00,0,0
1503916420,s1-eth2,54550.00,2032716.00,2087266.00,2032716,54550,737.00,1346.00,2083.00,1346,737,0.00,0.00,0,0
1503916420,s1-eth1,2099332.00,52996.00,2152328.00,52996,2099332,1390.00,716.00,2106.00,716,1390,0.00,0.00,0,0
1503916420,s3,0.00,0.00,0.00,0,0,0.00,0.00,0.00,0,0,0.00,0.00,0,0
1503916420,s2-eth2,56104.00,1969128.00,2025232.00,1969128,56104,758.00,1304.00,2062.00,1304,758,0.00,0.00,0,0
1503916420,s2-eth1,2032716.00,54550.00,2087266.00,54550,2032716,1346.00,737.00,2083.00,737,1346,0.00,0.00,0,0
1503916420,lo,0.00,0.00,0.00,0,0,0.00,0.00,0.00,0,0,0.00,0.00,0,0
1503916420,s3-eth2,57510.00,1900998.00,1958508.00,1900998,57510,777.00,1259.00,2036.00,1259,777,0.00,0.00,0,0
1503916420,s3-eth1,1969128.00,56104.00,2025232.00,56104,1969128,1304.00,758.00,2062.00,758,1304,0.00,0.00,0,0
1503916420,total,6269340.00,6066492.00,12335832.00,6066492,6269340,6312.00,6120.00,12432.00,6120,6312,0.00,0.00,0,0
1503916421,s1,0.00,0.00,0.00,0,0,0.00,0.00,0.00,0,0,0.00,0.00,0,0
1503916421,eth0,0.00,0.00,0.00,0,0,0.00,0.00,0.00,0,0,0.00,0.00,0,0
1503916421,eth1,0.00,0.00,0.00,0,0,0.00,0.00,0.00,0,0,0.00,0.00,0,0
1503916421,s2,0.00,0.00,0.00,0,0,0.00,0.00,0.00,0,0,0.00,0.00,0,0
1503916421,s1-eth2,0.00,0.00,0.00,0,0,0.00,0.00,0.00,0,0,0.00,0.00,0,0
1503916421,s1-eth1,0.00,0.00,0.00,0,0,0.00,0.00,0.00,0,0,0.00,0.00,0,0
1503916421,s3,0.00,0.00,0.00,0,0,0.00,0.00,0.00,0,0,0.00,0.00,0,0
1503916421,s2-eth2,0.00,0.00,0.00,0,0,0.00,0.00,0.00,0,0,0.00,0.00,0,0
1503916421,s2-eth1,0.00,0.00,0.00,0,0,0.00,0.00,0.00,0,0,0.00,0.00,0,0
1503916421,lo,515.48,515.48,1030.97,516,516,8.99,8.99,17.98,9,9,0.00,0.00,0,0
1503916421,s3-eth2,0.00,0.00,0.00,0,0,0.00,0.00,0.00,0,0,0.00,0.00,0,0
1503916421,s3-eth1,0.00,0.00,0.00,0,0,0.00,0.00,0.00,0,0,0.00,0.00,0,0
1503916421,total,515.48,515.48,1030.97,516,516,8.99,8.99,17.98,9,9,0.00,0.00,0,0
1503916422,s1,0.00,0.00,0.00,0,0,0.00,0.00,0.00,0,0,0.00,0.00,0,0
1503916422,eth0,0.00,0.00,0.00,0,0,0.00,0.00,0.00,0,0,0.00,0.00,0,0
1503916422,eth1,0.00,0.00,0.00,0,0,0.00,0.00,0.00,0,0,0.00,0.00,0,0
1503916422,s2,0.00,341.66,341.66,342,0,0.00,1.00,1.00,1,0,0.00,0.00,0,0
1503916422,s1-eth2,341.66,0.00,341.66,0,342,1.00,0.00,1.00,0,1,0.00,0.00,0,0
1503916422,s1-eth1,0.00,0.00,0.00,0,0,0.00,0.00,0.00,0,0,0.00,0.00,0,0
1503916422,s3,0.00,341.66,341.66,342,0,0.00,1.00,1.00,1,0,0.00,0.00,0,0
1503916422,s2-eth2,341.66,0.00,341.66,0,342,1.00,0.00,1.00,0,1,0.00,0.00,0,0
1503916422,s2-eth1,0.00,341.66,341.66,342,0,0.00,1.00,1.00,1,0,0.00,0.00,0,0
1503916422,lo,651.35,651.35,1302.70,652,652,5.99,5.99,11.99,6,6,0.00,0.00,0,0
1503916422,s3-eth2,341.66,0.00,341.66,0,342,1.00,0.00,1.00,0,1,0.00,0.00,0,0
1503916422,s3-eth1,0.00,341.66,341.66,342,0,0.00,1.00,1.00,1,0,0.00,0.00,0,0
1503916422,total,1676.32,2017.98,3694.31,2020,1678,8.99,9.99,18.98,10,9,0.00,0.00,0,0
1503916423,s1,0.00,342.00,342.00,342,0,0.00,1.00,1.00,1,0,0.00,0.00,0,0
1503916423,eth0,0.00,0.00,0.00,0,0,0.00,0.00,0.00,0,0,0.00,0.00,0,0
1503916423,eth1,0.00,0.00,0.00,0,0,0.00,0.00,0.00,0,0,0.00,0.00,0,0
1503916423,s2,0.00,0.00,0.00,0,0,0.00,0.00,0.00,0,0,0.00,0.00,0,0
1503916423,s1-eth2,0.00,342.00,342.00,342,0,0.00,1.00,1.00,1,0,0.00,0.00,0,0
1503916423,s1-eth1,342.00,0.00,342.00,0,342,1.00,0.00,1.00,0,1,0.00,0.00,0,0
1503916423,s3,0.00,0.00,0.00,0,0,0.00,0.00,0.00,0,0,0.00,0.00,0,0
1503916423,s2-eth2,0.00,0.00,0.00,0,0,0.00,0.00,0.00,0,0,0.00,0.00,0,0
1503916423,s2-eth1,342.00,0.00,342.00,0,342,1.00,0.00,1.00,0,1,0.00,0.00,0,0
1503916423,lo,326.00,326.00,652.00,326,326,3.00,3.00,6.00,3,3,0.00,0.00,0,0
1503916423,s3-eth2,0.00,0.00,0.00,0,0,0.00,0.00,0.00,0,0,0.00,0.00,0,0
1503916423,s3-eth1,0.00,0.00,0.00,0,0,0.00,0.00,0.00,0,0,0.00,0.00,0,0
1503916423,total,1010.00,1010.00,2020.00,1010,1010,5.00,5.00,10.00,5,5,0.00,0.00,0,0
1503916424,s1,0.00,213.79,213.79,214,0,0.00,2.00,2.00,2,0,0.00,0.00,0,0
1503916424,eth0,0.00,0.00,0.00,0,0,0.00,0.00,0.00,0,0,0.00,0.00,0,0
1503916424,eth1,0.00,0.00,0.00,0,0,0.00,0.00,0.00,0,0,0.00,0.00,0,0
1503916424,s2,0.00,213.79,213.79,214,0,0.00,2.00,2.00,2,0,0.00,0.00,0,0
1503916424,s1-eth2,106.89,213.79,320.68,214,107,1.00,2.00,3.00,2,1,0.00,0.00,0,0
1503916424,s1-eth1,320.68,0.00,320.68,0,321,3.00,0.00,3.00,0,3,0.00,0.00,0,0
1503916424,s3,0.00,555.44,555.44,556,0,0.00,3.00,3.00,3,0,0.00,0.00,0,0
1503916424,s2-eth2,555.44,106.89,662.34,107,556,3.00,1.00,4.00,1,3,0.00,0.00,0,0
1503916424,s2-eth1,213.79,106.89,320.68,107,214,2.00,1.00,3.00,1,2,0.00,0.00,0,0
1503916424,lo,2153.85,2153.85,4307.69,2156,2156,20.98,20.98,41.96,21,21,0.00,0.00,0,0
1503916424,s3-eth2,662.34,0.00,662.34,0,663,4.00,0.00,4.00,0,4,0.00,0.00,0,0
1503916424,s3-eth1,106.89,555.44,662.34,556,107,1.00,3.00,4.00,3,1,0.00,0.00,0,0
1503916424,total,4119.88,4119.88,8239.76,4124,4124,34.97,34.97,69.93,35,35,0.00,0.00,0,0
1503916425,s1,0.00,0.00,0.00,0,0,0.00,0.00,0.00,0,0,0.00,0.00,0,0
1503916425,eth0,0.00,0.00,0.00,0,0,0.00,0.00,0.00,0,0,0.00,0.00,0,0
1503916425,eth1,0.00,0.00,0.00,0,0,0.00,0.00,0.00,0,0,0.00,0.00,0,0
1503916425,s2,0.00,0.00,0.00,0,0,0.00,0.00,0.00,0,0,0.00,0.00,0,0
1503916425,s1-eth2,0.00,0.00,0.00,0,0,0.00,0.00,0.00,0,0,0.00,0.00,0,0
1503916425,s1-eth1,341.66,0.00,341.66,0,342,1.00,0.00,1.00,0,1,0.00,0.00,0,0
1503916425,s3,0.00,0.00,0.00,0,0,0.00,0.00,0.00,0,0,0.00,0.00,0,0
1503916425,s2-eth2,0.00,0.00,0.00,0,0,0.00,0.00,0.00,0,0,0.00,0.00,0,0
1503916425,s2-eth1,0.00,0.00,0.00,0,0,0.00,0.00,0.00,0,0,0.00,0.00,0,0
1503916425,lo,0.00,0.00,0.00,0,0,0.00,0.00,0.00,0,0,0.00,0.00,0,0
1503916425,s3-eth2,0.00,0.00,0.00,0,0,0.00,0.00,0.00,0,0,0.00,0.00,0,0
1503916425,s3-eth1,0.00,0.00,0.00,0,0,0.00,0.00,0.00,0,0,0.00,0.00,0,0
1503916425,total,341.66,0.00,341.66,0,342,1.00,0.00,1.00,0,1,0.00,0.00,0,0
1503916426,s1,0.00,0.00,0.00,0,0,0.00,0.00,0.00,0,0,0.00,0.00,0,0
1503916426,eth0,0.00,0.00,0.00,0,0,0.00,0.00,0.00,0,0,0.00,0.00,0,0
1503916426,eth1,0.00,0.00,0.00,0,0,0.00,0.00,0.00,0,0,0.00,0.00,0,0
1503916426,s2,0.00,0.00,0.00,0,0,0.00,0.00,0.00,0,0,0.00,0.00,0,0
1503916426,s1-eth2,0.00,0.00,0.00,0,0,0.00,0.00,0.00,0,0,0.00,0.00,0,0
1503916426,s1-eth1,0.00,0.00,0.00,0,0,0.00,0.00,0.00,0,0,0.00,0.00,0,0
1503916426,s3,0.00,0.00,0.00,0,0,0.00,0.00,0.00,0,0,0.00,0.00,0,0
1503916426,s2-eth2,0.00,0.00,0.00,0,0,0.00,0.00,0.00,0,0,0.00,0.00,0,0
1503916426,s2-eth1,0.00,0.00,0.00,0,0,0.00,0.00,0.00,0,0,0.00,0.00,0,0
1503916426,lo,0.00,0.00,0.00,0,0,0.00,0.00,0.00,0,0,0.00,0.00,0,0
1503916426,s3-eth2,0.00,0.00,0.00,0,0,0.00,0.00,0.00,0,0,0.00,0.00,0,0
1503916426,s3-eth1,0.00,0.00,0.00,0,0,0.00,0.00,0.00,0,0,0.00,0.00,0,0
1503916426,total,0.00,0.00,0.00,0,0,0.00,0.00,0.00,0,0,0.00,0.00,0,0
1503916427,s1,0.00,342.00,342.00,342,0,0.00,1.00,1.00,1,0,0.00,0.00,0,0
1503916427,eth0,0.00,0.00,0.00,0,0,0.00,0.00,0.00,0,0,0.00,0.00,0,0
1503916427,eth1,0.00,0.00,0.00,0,0,0.00,0.00,0.00,0,0,0.00,0.00,0,0
1503916427,s2,0.00,342.00,342.00,342,0,0.00,1.00,1.00,1,0,0.00,0.00,0,0
1503916427,s1-eth2,0.00,342.00,342.00,342,0,0.00,1.00,1.00,1,0,0.00,0.00,0,0
1503916427,s1-eth1,0.00,0.00,0.00,0,0,0.00,0.00,0.00,0,0,0.00,0.00,0,0
1503916427,s3,0.00,0.00,0.00,0,0,0.00,0.00,0.00,0,0,0.00,0.00,0,0
1503916427,s2-eth2,0.00,342.00,342.00,342,0,0.00,1.00,1.00,1,0,0.00,0.00,0,0
1503916427,s2-eth1,342.00,0.00,342.00,0,342,1.00,0.00,1.00,0,1,0.00,0.00,0,0
1503916427,lo,652.00,652.00,1304.00,652,652,6.00,6.00,12.00,6,6,0.00,0.00,0,0
1503916427,s3-eth2,0.00,0.00,0.00,0,0,0.00,0.00,0.00,0,0,0.00,0.00,0,0
1503916427,s3-eth1,342.00,0.00,342.00,0,342,1.00,0.00,1.00,0,1,0.00,0.00,0,0
1503916427,total,1336.00,2020.00,3356.00,2020,1336,8.00,10.00,18.00,10,8,0.00,0.00,0,0
1503916428,s1,0.00,0.00,0.00,0,0,0.00,0.00,0.00,0,0,0.00,0.00,0,0
1503916428,eth0,0.00,0.00,0.00,0,0,0.00,0.00,0.00,0,0,0.00,0.00,0,0
1503916428,eth1,0.00,0.00,0.00,0,0,0.00,0.00,0.00,0,0,0.00,0.00,0,0
1503916428,s2,0.00,0.00,0.00,0,0,0.00,0.00,0.00,0,0,0.00,0.00,0,0
1503916428,s1-eth2,0.00,0.00,0.00,0,0,0.00,0.00,0.00,0,0,0.00,0.00,0,0
1503916428,s1-eth1,342.00,0.00,342.00,0,342,1.00,0.00,1.00,0,1,0.00,0.00,0,0
1503916428,s3,0.00,0.00,0.00,0,0,0.00,0.00,0.00,0,0,0.00,0.00,0,0
1503916428,s2-eth2,0.00,0.00,0.00,0,0,0.00,0.00,0.00,0,0,0.00,0.00,0,0
1503916428,s2-eth1,0.00,0.00,0.00,0,0,0.00,0.00,0.00,0,0,0.00,0.00,0,0
1503916428,lo,172.00,172.00,344.00,172,172,3.00,